
 
----------------------------------------------------------------------
 Starting Generation (Number: 7).
 
Creating mutations. 
High Mutations: [-0.0431, -0.0527, 0.0958][-0.0683, 0.0263, 0.042][0.0562, 0.0234, -0.0796]
Low_Mutations: [0.0, 0.0, 0.0][0.01184, -0.07476, 0.06292][0.07192, -0.05622, -0.0157]
 
Recombination. 
Parent: Q = 0.25727039857352463 * activeTokens + 0.39689646881582047 * successfulTokens + 0.345833132610655 * tokenDistanceToBorder (EV: 5.0)
Child: Q = 0.29780691914207047 * activeTokens + 0.40168288797678103 * successfulTokens + 0.30051019288114844 * tokenDistanceToBorder (EV: 0.0)
Child: Q = 0.25498100499262694 * activeTokens + 0.34931802311191623 * successfulTokens + 0.3957009718954569 * tokenDistanceToBorder (EV: 0.0)
Parent: Q = 0.2009683132896774 * activeTokens + 0.4397970958040569 * successfulTokens + 0.3592345909062657 * tokenDistanceToBorder (EV: 15.313333333333336)
Child: Q = 0.3095716250244234 * activeTokens + 0.32739830928043767 * successfulTokens + 0.3630300656951389 * tokenDistanceToBorder (EV: 0.0)
Child: Q = 0.22994125936464602 * activeTokens + 0.4278156383742373 * successfulTokens + 0.34224310226111665 * tokenDistanceToBorder (EV: 0.0)
Parent: Q = 0.3539812510837182 * activeTokens + 0.383029584042426 * successfulTokens + 0.2629891648738559 * tokenDistanceToBorder (EV: 30.006666666666668)
Child: Q = 0.3692695582517684 * activeTokens + 0.34582040784959506 * successfulTokens + 0.28491003389863656 * tokenDistanceToBorder (EV: 0.0)
Child: Q = 0.35364952645526604 * activeTokens + 0.42493408034562047 * successfulTokens + 0.2214163931991135 * tokenDistanceToBorder (EV: 0.0)

 
          Game over. 
         Player A/ Team 1: 1
         Player B/ Team 2: 0
         Player C/ Team 0: 6 <--WINNER ON SERVER within 7 turns

 
--------------------------------------------------
--------------------------------------------------
Depth report.
     Team 1:
        Depth 7 was reached 2 times.
        Depth 9 was reached 4 times.
        Depth 10 was reached 1 times.
        Fallback choosing random token happened 0 times.
     Team 2:
        Depth 7 was reached 5 times.
        Depth 9 was reached 1 times.
        Depth 10 was reached 1 times.
        Fallback choosing random token happened 0 times.
     Team 0:
        Depth 7 was reached 6 times.
        Depth 9 was reached 2 times.
        Depth 10 was reached 0 times.
        Fallback choosing random token happened 0 times.
--------------------------------------------------
--------------------------------------------------

 
                  Evaluation. 
                 Player A| Q = 0.25727039857352463 * activeTokens + 0.39689646881582047 * successfulTokens + 0.345833132610655 * tokenDistanceToBorder (EV: 5.0)
                 Player B| Q = 0.29780691914207047 * activeTokens + 0.40168288797678103 * successfulTokens + 0.30051019288114844 * tokenDistanceToBorder (EV: 3.0)
                 Player C| Q = 0.25498100499262694 * activeTokens + 0.34931802311191623 * successfulTokens + 0.3957009718954569 * tokenDistanceToBorder (EV: 45.13333333333333)

 
          Game over. 
         Player A/ Team 2: 0
         Player B/ Team 0: 6 <--WINNER ON SERVER within 10 turns
         Player C/ Team 1: 4

 
--------------------------------------------------
--------------------------------------------------
Depth report.
     Team 2:
        Depth 7 was reached 2 times.
        Depth 9 was reached 1 times.
        Depth 10 was reached 7 times.
        Fallback choosing random token happened 0 times.
     Team 0:
        Depth 7 was reached 6 times.
        Depth 9 was reached 2 times.
        Depth 10 was reached 3 times.
        Fallback choosing random token happened 0 times.
     Team 1:
        Depth 7 was reached 3 times.
        Depth 9 was reached 4 times.
        Depth 10 was reached 3 times.
        Fallback choosing random token happened 0 times.
--------------------------------------------------
--------------------------------------------------

 
                  Evaluation. 
                 Player A| Q = 0.25727039857352463 * activeTokens + 0.39689646881582047 * successfulTokens + 0.345833132610655 * tokenDistanceToBorder (EV: 0.0)
                 Player B| Q = 0.29780691914207047 * activeTokens + 0.40168288797678103 * successfulTokens + 0.30051019288114844 * tokenDistanceToBorder (EV: 41.33333333333333)
                 Player C| Q = 0.25498100499262694 * activeTokens + 0.34931802311191623 * successfulTokens + 0.3957009718954569 * tokenDistanceToBorder (EV: 8.0)

 
          Game over. 
         Player A/ Team 0: 4
         Player B/ Team 2: 0
         Player C/ Team 1: 5 <--WINNER ON SERVER within 10 turns

 
--------------------------------------------------
--------------------------------------------------
Depth report.
     Team 0:
        Depth 7 was reached 5 times.
        Depth 9 was reached 5 times.
        Depth 10 was reached 0 times.
        Fallback choosing random token happened 0 times.
     Team 2:
        Depth 7 was reached 3 times.
        Depth 9 was reached 1 times.
        Depth 10 was reached 5 times.
        Fallback choosing random token happened 0 times.
     Team 1:
        Depth 7 was reached 3 times.
        Depth 9 was reached 4 times.
        Depth 10 was reached 3 times.
        Fallback choosing random token happened 0 times.
--------------------------------------------------
--------------------------------------------------

 
                  Evaluation. 
                 Player A| Q = 0.25727039857352463 * activeTokens + 0.39689646881582047 * successfulTokens + 0.345833132610655 * tokenDistanceToBorder (EV: 8.0)
                 Player B| Q = 0.29780691914207047 * activeTokens + 0.40168288797678103 * successfulTokens + 0.30051019288114844 * tokenDistanceToBorder (EV: 0.0)
                 Player C| Q = 0.25498100499262694 * activeTokens + 0.34931802311191623 * successfulTokens + 0.3957009718954569 * tokenDistanceToBorder (EV: 41.33333333333333)

 
          Game over. 
         Player A/ Team 0: 6 <--WINNER ON SERVER within 8 turns
         Player B/ Team 2: 0
         Player C/ Team 1: 1

 
--------------------------------------------------
--------------------------------------------------
Depth report.
     Team 0:
        Depth 7 was reached 6 times.
        Depth 9 was reached 2 times.
        Depth 10 was reached 0 times.
        Fallback choosing random token happened 0 times.
     Team 2:
        Depth 7 was reached 4 times.
        Depth 9 was reached 2 times.
        Depth 10 was reached 1 times.
        Fallback choosing random token happened 0 times.
     Team 1:
        Depth 7 was reached 2 times.
        Depth 9 was reached 4 times.
        Depth 10 was reached 1 times.
        Fallback choosing random token happened 0 times.
--------------------------------------------------
--------------------------------------------------

 
                  Evaluation. 
                 Player A| Q = 0.25727039857352463 * activeTokens + 0.39689646881582047 * successfulTokens + 0.345833132610655 * tokenDistanceToBorder (EV: 44.86666666666667)
                 Player B| Q = 0.29780691914207047 * activeTokens + 0.40168288797678103 * successfulTokens + 0.30051019288114844 * tokenDistanceToBorder (EV: 3.0)
                 Player C| Q = 0.25498100499262694 * activeTokens + 0.34931802311191623 * successfulTokens + 0.3957009718954569 * tokenDistanceToBorder (EV: 5.0)

 
          Game over. 
         Player A/ Team 0: 4
         Player B/ Team 2: 0
         Player C/ Team 1: 5 <--WINNER ON SERVER within 10 turns

 
--------------------------------------------------
--------------------------------------------------
Depth report.
     Team 0:
        Depth 7 was reached 5 times.
        Depth 9 was reached 5 times.
        Depth 10 was reached 0 times.
        Fallback choosing random token happened 0 times.
     Team 2:
        Depth 7 was reached 3 times.
        Depth 9 was reached 1 times.
        Depth 10 was reached 5 times.
        Fallback choosing random token happened 0 times.
     Team 1:
        Depth 7 was reached 3 times.
        Depth 9 was reached 4 times.
        Depth 10 was reached 3 times.
        Fallback choosing random token happened 0 times.
--------------------------------------------------
--------------------------------------------------

 
                  Evaluation. 
                 Player A| Q = 0.25727039857352463 * activeTokens + 0.39689646881582047 * successfulTokens + 0.345833132610655 * tokenDistanceToBorder (EV: 8.0)
                 Player B| Q = 0.29780691914207047 * activeTokens + 0.40168288797678103 * successfulTokens + 0.30051019288114844 * tokenDistanceToBorder (EV: 0.0)
                 Player C| Q = 0.25498100499262694 * activeTokens + 0.34931802311191623 * successfulTokens + 0.3957009718954569 * tokenDistanceToBorder (EV: 41.33333333333333)

 
          Game over. 
         Player A/ Team 2: 1
         Player B/ Team 1: 3
         Player C/ Team 0: 5 <--WINNER ON SERVER within 11 turns

 
--------------------------------------------------
--------------------------------------------------
Depth report.
     Team 2:
        Depth 7 was reached 3 times.
        Depth 9 was reached 4 times.
        Depth 10 was reached 4 times.
        Fallback choosing random token happened 0 times.
     Team 1:
        Depth 7 was reached 1 times.
        Depth 9 was reached 5 times.
        Depth 10 was reached 5 times.
        Fallback choosing random token happened 0 times.
     Team 0:
        Depth 7 was reached 6 times.
        Depth 9 was reached 4 times.
        Depth 10 was reached 2 times.
        Fallback choosing random token happened 0 times.
--------------------------------------------------
--------------------------------------------------

 
                  Evaluation. 
                 Player A| Q = 0.25727039857352463 * activeTokens + 0.39689646881582047 * successfulTokens + 0.345833132610655 * tokenDistanceToBorder (EV: 2.0)
                 Player B| Q = 0.29780691914207047 * activeTokens + 0.40168288797678103 * successfulTokens + 0.30051019288114844 * tokenDistanceToBorder (EV: 6.0)
                 Player C| Q = 0.25498100499262694 * activeTokens + 0.34931802311191623 * successfulTokens + 0.3957009718954569 * tokenDistanceToBorder (EV: 41.06666666666666)

 
          Game over. 
         Player A/ Team 2: 1
         Player B/ Team 1: 3
         Player C/ Team 0: 5 <--WINNER ON SERVER within 11 turns

 
--------------------------------------------------
--------------------------------------------------
Depth report.
     Team 2:
        Depth 7 was reached 3 times.
        Depth 9 was reached 4 times.
        Depth 10 was reached 4 times.
        Fallback choosing random token happened 0 times.
     Team 1:
        Depth 7 was reached 1 times.
        Depth 9 was reached 5 times.
        Depth 10 was reached 5 times.
        Fallback choosing random token happened 0 times.
     Team 0:
        Depth 7 was reached 5 times.
        Depth 9 was reached 6 times.
        Depth 10 was reached 1 times.
        Fallback choosing random token happened 0 times.
--------------------------------------------------
--------------------------------------------------

 
                  Evaluation. 
                 Player A| Q = 0.25727039857352463 * activeTokens + 0.39689646881582047 * successfulTokens + 0.345833132610655 * tokenDistanceToBorder (EV: 2.0)
                 Player B| Q = 0.29780691914207047 * activeTokens + 0.40168288797678103 * successfulTokens + 0.30051019288114844 * tokenDistanceToBorder (EV: 6.0)
                 Player C| Q = 0.25498100499262694 * activeTokens + 0.34931802311191623 * successfulTokens + 0.3957009718954569 * tokenDistanceToBorder (EV: 41.06666666666666)

 
          Game over. 
         Player A/ Team 2: 1
         Player B/ Team 1: 3
         Player C/ Team 0: 5 <--WINNER ON SERVER within 11 turns

 
--------------------------------------------------
--------------------------------------------------
Depth report.
     Team 2:
        Depth 7 was reached 3 times.
        Depth 9 was reached 4 times.
        Depth 10 was reached 4 times.
        Fallback choosing random token happened 0 times.
     Team 1:
        Depth 7 was reached 1 times.
        Depth 9 was reached 5 times.
        Depth 10 was reached 5 times.
        Fallback choosing random token happened 0 times.
     Team 0:
        Depth 7 was reached 6 times.
        Depth 9 was reached 4 times.
        Depth 10 was reached 2 times.
        Fallback choosing random token happened 0 times.
--------------------------------------------------
--------------------------------------------------

 
                  Evaluation. 
                 Player A| Q = 0.25727039857352463 * activeTokens + 0.39689646881582047 * successfulTokens + 0.345833132610655 * tokenDistanceToBorder (EV: 2.0)
                 Player B| Q = 0.29780691914207047 * activeTokens + 0.40168288797678103 * successfulTokens + 0.30051019288114844 * tokenDistanceToBorder (EV: 6.0)
                 Player C| Q = 0.25498100499262694 * activeTokens + 0.34931802311191623 * successfulTokens + 0.3957009718954569 * tokenDistanceToBorder (EV: 41.06666666666666)

 
          Game over. 
         Player A/ Team 0: 6 <--WINNER ON SERVER within 8 turns
         Player B/ Team 2: 0
         Player C/ Team 1: 1

 
--------------------------------------------------
--------------------------------------------------
Depth report.
     Team 0:
        Depth 7 was reached 6 times.
        Depth 9 was reached 2 times.
        Depth 10 was reached 0 times.
        Fallback choosing random token happened 0 times.
     Team 2:
        Depth 7 was reached 5 times.
        Depth 9 was reached 1 times.
        Depth 10 was reached 1 times.
        Fallback choosing random token happened 0 times.
     Team 1:
        Depth 7 was reached 2 times.
        Depth 9 was reached 4 times.
        Depth 10 was reached 1 times.
        Fallback choosing random token happened 0 times.
--------------------------------------------------
--------------------------------------------------

 
                  Evaluation. 
                 Player A| Q = 0.25727039857352463 * activeTokens + 0.39689646881582047 * successfulTokens + 0.345833132610655 * tokenDistanceToBorder (EV: 44.86666666666667)
                 Player B| Q = 0.29780691914207047 * activeTokens + 0.40168288797678103 * successfulTokens + 0.30051019288114844 * tokenDistanceToBorder (EV: 3.0)
                 Player C| Q = 0.25498100499262694 * activeTokens + 0.34931802311191623 * successfulTokens + 0.3957009718954569 * tokenDistanceToBorder (EV: 5.0)

 
          Game over. 
         Player A/ Team 2: 1
         Player B/ Team 1: 3
         Player C/ Team 0: 5 <--WINNER ON SERVER within 11 turns

 
--------------------------------------------------
--------------------------------------------------
Depth report.
     Team 2:
        Depth 7 was reached 3 times.
        Depth 9 was reached 4 times.
        Depth 10 was reached 4 times.
        Fallback choosing random token happened 0 times.
     Team 1:
        Depth 7 was reached 1 times.
        Depth 9 was reached 5 times.
        Depth 10 was reached 5 times.
        Fallback choosing random token happened 0 times.
     Team 0:
        Depth 7 was reached 6 times.
        Depth 9 was reached 4 times.
        Depth 10 was reached 2 times.
        Fallback choosing random token happened 0 times.
--------------------------------------------------
--------------------------------------------------

 
                  Evaluation. 
                 Player A| Q = 0.25727039857352463 * activeTokens + 0.39689646881582047 * successfulTokens + 0.345833132610655 * tokenDistanceToBorder (EV: 2.0)
                 Player B| Q = 0.29780691914207047 * activeTokens + 0.40168288797678103 * successfulTokens + 0.30051019288114844 * tokenDistanceToBorder (EV: 6.0)
                 Player C| Q = 0.25498100499262694 * activeTokens + 0.34931802311191623 * successfulTokens + 0.3957009718954569 * tokenDistanceToBorder (EV: 41.06666666666666)

 
          Game over. 
         Player A/ Team 2: 1
         Player B/ Team 1: 3
         Player C/ Team 0: 5 <--WINNER ON SERVER within 11 turns

 
--------------------------------------------------
--------------------------------------------------
Depth report.
     Team 2:
        Depth 7 was reached 3 times.
        Depth 9 was reached 4 times.
        Depth 10 was reached 4 times.
        Fallback choosing random token happened 0 times.
     Team 1:
        Depth 7 was reached 1 times.
        Depth 9 was reached 5 times.
        Depth 10 was reached 5 times.
        Fallback choosing random token happened 0 times.
     Team 0:
        Depth 7 was reached 6 times.
        Depth 9 was reached 5 times.
        Depth 10 was reached 1 times.
        Fallback choosing random token happened 0 times.
--------------------------------------------------
--------------------------------------------------

 
                  Evaluation. 
                 Player A| Q = 0.25727039857352463 * activeTokens + 0.39689646881582047 * successfulTokens + 0.345833132610655 * tokenDistanceToBorder (EV: 2.0)
                 Player B| Q = 0.29780691914207047 * activeTokens + 0.40168288797678103 * successfulTokens + 0.30051019288114844 * tokenDistanceToBorder (EV: 6.0)
                 Player C| Q = 0.25498100499262694 * activeTokens + 0.34931802311191623 * successfulTokens + 0.3957009718954569 * tokenDistanceToBorder (EV: 41.06666666666666)

 
!!!!!!!!!!!!!!!!!!!!!!!!!!!ERROR DETECTED!!!!!!!!!!!!!!!!!!!!!!!!!. 


You got kicked because your move was invalid!



 
INFO: Team 2 lost prematurely (probably because it had no more tokens to play). 


 
          Game over. 
         Player A/ Team 0: 6 <--WINNER ON SERVER within 21 turns
         Player B/ Team 1: 4
         Player C/ Team 2: 4

 
--------------------------------------------------
--------------------------------------------------
Depth report.
     Team 0:
        Depth 7 was reached 7 times.
        Depth 9 was reached 2 times.
        Depth 10 was reached 12 times.
        Fallback choosing random token happened 0 times.
     Team 1:
        Depth 7 was reached 3 times.
        Depth 9 was reached 4 times.
        Depth 10 was reached 13 times.
        Fallback choosing random token happened 0 times.
     Team 2:
        Depth 7 was reached 2 times.
        Depth 9 was reached 2 times.
        Depth 10 was reached 10 times.
        Fallback choosing random token happened 0 times.
--------------------------------------------------
--------------------------------------------------

 
                  Evaluation. 
                 Player A| Q = 0.25727039857352463 * activeTokens + 0.39689646881582047 * successfulTokens + 0.345833132610655 * tokenDistanceToBorder (EV: 36.0)
                 Player B| Q = 0.29780691914207047 * activeTokens + 0.40168288797678103 * successfulTokens + 0.30051019288114844 * tokenDistanceToBorder (EV: 4.0)
                 Player C| Q = 0.25498100499262694 * activeTokens + 0.34931802311191623 * successfulTokens + 0.3957009718954569 * tokenDistanceToBorder (EV: 0.0)

 
          Game over. 
         Player A/ Team 1: 0
         Player B/ Team 0: 5 <--WINNER ON SERVER within 6 turns
         Player C/ Team 2: 0

 
--------------------------------------------------
--------------------------------------------------
Depth report.
     Team 1:
        Depth 7 was reached 1 times.
        Depth 9 was reached 3 times.
        Depth 10 was reached 2 times.
        Fallback choosing random token happened 0 times.
     Team 0:
        Depth 7 was reached 6 times.
        Depth 9 was reached 1 times.
        Depth 10 was reached 0 times.
        Fallback choosing random token happened 0 times.
     Team 2:
        Depth 7 was reached 2 times.
        Depth 9 was reached 3 times.
        Depth 10 was reached 1 times.
        Fallback choosing random token happened 0 times.
--------------------------------------------------
--------------------------------------------------

 
                  Evaluation. 
                 Player A| Q = 0.25727039857352463 * activeTokens + 0.39689646881582047 * successfulTokens + 0.345833132610655 * tokenDistanceToBorder (EV: 4.0)
                 Player B| Q = 0.29780691914207047 * activeTokens + 0.40168288797678103 * successfulTokens + 0.30051019288114844 * tokenDistanceToBorder (EV: 46.4)
                 Player C| Q = 0.25498100499262694 * activeTokens + 0.34931802311191623 * successfulTokens + 0.3957009718954569 * tokenDistanceToBorder (EV: 4.0)

 
          Game over. 
         Player A/ Team 2: 1
         Player B/ Team 1: 3
         Player C/ Team 0: 5 <--WINNER ON SERVER within 11 turns

 
--------------------------------------------------
--------------------------------------------------
Depth report.
     Team 2:
        Depth 7 was reached 3 times.
        Depth 9 was reached 4 times.
        Depth 10 was reached 4 times.
        Fallback choosing random token happened 0 times.
     Team 1:
        Depth 7 was reached 1 times.
        Depth 9 was reached 5 times.
        Depth 10 was reached 5 times.
        Fallback choosing random token happened 0 times.
     Team 0:
        Depth 7 was reached 6 times.
        Depth 9 was reached 5 times.
        Depth 10 was reached 1 times.
        Fallback choosing random token happened 0 times.
--------------------------------------------------
--------------------------------------------------

 
                  Evaluation. 
                 Player A| Q = 0.25727039857352463 * activeTokens + 0.39689646881582047 * successfulTokens + 0.345833132610655 * tokenDistanceToBorder (EV: 2.0)
                 Player B| Q = 0.29780691914207047 * activeTokens + 0.40168288797678103 * successfulTokens + 0.30051019288114844 * tokenDistanceToBorder (EV: 6.0)
                 Player C| Q = 0.25498100499262694 * activeTokens + 0.34931802311191623 * successfulTokens + 0.3957009718954569 * tokenDistanceToBorder (EV: 41.06666666666666)

 
          Game over. 
         Player A/ Team 1: 5 <--WINNER ON SERVER within 10 turns
         Player B/ Team 2: 0
         Player C/ Team 0: 4

 
--------------------------------------------------
--------------------------------------------------
Depth report.
     Team 1:
        Depth 7 was reached 3 times.
        Depth 9 was reached 4 times.
        Depth 10 was reached 3 times.
        Fallback choosing random token happened 0 times.
     Team 2:
        Depth 7 was reached 3 times.
        Depth 9 was reached 1 times.
        Depth 10 was reached 5 times.
        Fallback choosing random token happened 0 times.
     Team 0:
        Depth 7 was reached 5 times.
        Depth 9 was reached 5 times.
        Depth 10 was reached 0 times.
        Fallback choosing random token happened 0 times.
--------------------------------------------------
--------------------------------------------------

 
                  Evaluation. 
                 Player A| Q = 0.25727039857352463 * activeTokens + 0.39689646881582047 * successfulTokens + 0.345833132610655 * tokenDistanceToBorder (EV: 41.33333333333333)
                 Player B| Q = 0.29780691914207047 * activeTokens + 0.40168288797678103 * successfulTokens + 0.30051019288114844 * tokenDistanceToBorder (EV: 0.0)
                 Player C| Q = 0.25498100499262694 * activeTokens + 0.34931802311191623 * successfulTokens + 0.3957009718954569 * tokenDistanceToBorder (EV: 8.0)

 
          Game over. 
         Player A/ Team 0: 6 <--WINNER ON SERVER within 8 turns
         Player B/ Team 2: 0
         Player C/ Team 1: 1

 
--------------------------------------------------
--------------------------------------------------
Depth report.
     Team 0:
        Depth 7 was reached 6 times.
        Depth 9 was reached 2 times.
        Depth 10 was reached 0 times.
        Fallback choosing random token happened 0 times.
     Team 2:
        Depth 7 was reached 4 times.
        Depth 9 was reached 2 times.
        Depth 10 was reached 1 times.
        Fallback choosing random token happened 0 times.
     Team 1:
        Depth 7 was reached 2 times.
        Depth 9 was reached 4 times.
        Depth 10 was reached 1 times.
        Fallback choosing random token happened 0 times.
--------------------------------------------------
--------------------------------------------------

 
                  Evaluation. 
                 Player A| Q = 0.25727039857352463 * activeTokens + 0.39689646881582047 * successfulTokens + 0.345833132610655 * tokenDistanceToBorder (EV: 44.86666666666667)
                 Player B| Q = 0.29780691914207047 * activeTokens + 0.40168288797678103 * successfulTokens + 0.30051019288114844 * tokenDistanceToBorder (EV: 3.0)
                 Player C| Q = 0.25498100499262694 * activeTokens + 0.34931802311191623 * successfulTokens + 0.3957009718954569 * tokenDistanceToBorder (EV: 5.0)

 
          Game over. 
         Player A/ Team 1: 0
         Player B/ Team 0: 6 <--WINNER ON SERVER within 8 turns
         Player C/ Team 2: 0

 
--------------------------------------------------
--------------------------------------------------
Depth report.
     Team 1:
        Depth 7 was reached 2 times.
        Depth 9 was reached 4 times.
        Depth 10 was reached 2 times.
        Fallback choosing random token happened 0 times.
     Team 0:
        Depth 7 was reached 6 times.
        Depth 9 was reached 1 times.
        Depth 10 was reached 2 times.
        Fallback choosing random token happened 0 times.
     Team 2:
        Depth 7 was reached 3 times.
        Depth 9 was reached 3 times.
        Depth 10 was reached 2 times.
        Fallback choosing random token happened 0 times.
--------------------------------------------------
--------------------------------------------------

 
                  Evaluation. 
                 Player A| Q = 0.25727039857352463 * activeTokens + 0.39689646881582047 * successfulTokens + 0.345833132610655 * tokenDistanceToBorder (EV: 4.0)
                 Player B| Q = 0.29780691914207047 * activeTokens + 0.40168288797678103 * successfulTokens + 0.30051019288114844 * tokenDistanceToBorder (EV: 45.86666666666667)
                 Player C| Q = 0.25498100499262694 * activeTokens + 0.34931802311191623 * successfulTokens + 0.3957009718954569 * tokenDistanceToBorder (EV: 4.0)

 
!!!!!!!!!!!!!!!!!!!!!!!!!!!ERROR DETECTED!!!!!!!!!!!!!!!!!!!!!!!!!. 


You got kicked because your move was invalid!



 
INFO: Team 2 lost prematurely (probably because it had no more tokens to play). 


 
          Game over. 
         Player A/ Team 0: 6 <--WINNER ON SERVER within 21 turns
         Player B/ Team 1: 4
         Player C/ Team 2: 4

 
--------------------------------------------------
--------------------------------------------------
Depth report.
     Team 0:
        Depth 7 was reached 7 times.
        Depth 9 was reached 2 times.
        Depth 10 was reached 12 times.
        Fallback choosing random token happened 0 times.
     Team 1:
        Depth 7 was reached 3 times.
        Depth 9 was reached 4 times.
        Depth 10 was reached 13 times.
        Fallback choosing random token happened 0 times.
     Team 2:
        Depth 7 was reached 2 times.
        Depth 9 was reached 2 times.
        Depth 10 was reached 10 times.
        Fallback choosing random token happened 0 times.
--------------------------------------------------
--------------------------------------------------

 
                  Evaluation. 
                 Player A| Q = 0.25727039857352463 * activeTokens + 0.39689646881582047 * successfulTokens + 0.345833132610655 * tokenDistanceToBorder (EV: 36.0)
                 Player B| Q = 0.29780691914207047 * activeTokens + 0.40168288797678103 * successfulTokens + 0.30051019288114844 * tokenDistanceToBorder (EV: 4.0)
                 Player C| Q = 0.25498100499262694 * activeTokens + 0.34931802311191623 * successfulTokens + 0.3957009718954569 * tokenDistanceToBorder (EV: 0.0)

 
          Game over. 
         Player A/ Team 0: 6 <--WINNER ON SERVER within 8 turns
         Player B/ Team 2: 0
         Player C/ Team 1: 1

 
--------------------------------------------------
--------------------------------------------------
Depth report.
     Team 0:
        Depth 7 was reached 6 times.
        Depth 9 was reached 2 times.
        Depth 10 was reached 0 times.
        Fallback choosing random token happened 0 times.
     Team 2:
        Depth 7 was reached 5 times.
        Depth 9 was reached 1 times.
        Depth 10 was reached 1 times.
        Fallback choosing random token happened 0 times.
     Team 1:
        Depth 7 was reached 2 times.
        Depth 9 was reached 4 times.
        Depth 10 was reached 1 times.
        Fallback choosing random token happened 0 times.
--------------------------------------------------
--------------------------------------------------

 
                  Evaluation. 
                 Player A| Q = 0.25727039857352463 * activeTokens + 0.39689646881582047 * successfulTokens + 0.345833132610655 * tokenDistanceToBorder (EV: 44.86666666666667)
                 Player B| Q = 0.29780691914207047 * activeTokens + 0.40168288797678103 * successfulTokens + 0.30051019288114844 * tokenDistanceToBorder (EV: 3.0)
                 Player C| Q = 0.25498100499262694 * activeTokens + 0.34931802311191623 * successfulTokens + 0.3957009718954569 * tokenDistanceToBorder (EV: 5.0)

 
          Game over. 
         Player A/ Team 2: 0
         Player B/ Team 0: 6 <--WINNER ON SERVER within 10 turns
         Player C/ Team 1: 4

 
--------------------------------------------------
--------------------------------------------------
Depth report.
     Team 2:
        Depth 7 was reached 2 times.
        Depth 9 was reached 2 times.
        Depth 10 was reached 6 times.
        Fallback choosing random token happened 0 times.
     Team 0:
        Depth 7 was reached 6 times.
        Depth 9 was reached 2 times.
        Depth 10 was reached 3 times.
        Fallback choosing random token happened 0 times.
     Team 1:
        Depth 7 was reached 3 times.
        Depth 9 was reached 4 times.
        Depth 10 was reached 3 times.
        Fallback choosing random token happened 0 times.
--------------------------------------------------
--------------------------------------------------

 
                  Evaluation. 
                 Player A| Q = 0.25727039857352463 * activeTokens + 0.39689646881582047 * successfulTokens + 0.345833132610655 * tokenDistanceToBorder (EV: 0.0)
                 Player B| Q = 0.29780691914207047 * activeTokens + 0.40168288797678103 * successfulTokens + 0.30051019288114844 * tokenDistanceToBorder (EV: 41.33333333333333)
                 Player C| Q = 0.25498100499262694 * activeTokens + 0.34931802311191623 * successfulTokens + 0.3957009718954569 * tokenDistanceToBorder (EV: 8.0)

 
Calculating medium parameter evaluation from 20 games played. 
[5.0, 0.0, 8.0, 44.86666666666667, 8.0, 2.0, 2.0, 2.0, 44.86666666666667, 2.0, 2.0, 36.0, 4.0, 2.0, 41.33333333333333, 44.86666666666667, 4.0, 36.0, 44.86666666666667, 0.0] ----> Writing medium:Q = 0.25727039857352463 * activeTokens + 0.39689646881582047 * successfulTokens + 0.345833132610655 * tokenDistanceToBorder (EV: 16.69)
[3.0, 41.33333333333333, 0.0, 3.0, 0.0, 6.0, 6.0, 6.0, 3.0, 6.0, 6.0, 4.0, 46.4, 6.0, 0.0, 3.0, 45.86666666666667, 4.0, 3.0, 41.33333333333333] ----> Writing medium:Q = 0.29780691914207047 * activeTokens + 0.40168288797678103 * successfulTokens + 0.30051019288114844 * tokenDistanceToBorder (EV: 11.696666666666667)
[45.13333333333333, 8.0, 41.33333333333333, 5.0, 41.33333333333333, 41.06666666666666, 41.06666666666666, 41.06666666666666, 5.0, 41.06666666666666, 41.06666666666666, 0.0, 4.0, 41.06666666666666, 8.0, 5.0, 4.0, 0.0, 5.0, 8.0] ----> Writing medium:Q = 0.25498100499262694 * activeTokens + 0.34931802311191623 * successfulTokens + 0.3957009718954569 * tokenDistanceToBorder (EV: 21.31)

 
          Game over. 
         Player A/ Team 0: 4
         Player B/ Team 2: 0
         Player C/ Team 1: 5 <--WINNER ON SERVER within 10 turns

 
--------------------------------------------------
--------------------------------------------------
Depth report.
     Team 0:
        Depth 7 was reached 5 times.
        Depth 9 was reached 5 times.
        Depth 10 was reached 0 times.
        Fallback choosing random token happened 0 times.
     Team 2:
        Depth 7 was reached 3 times.
        Depth 9 was reached 1 times.
        Depth 10 was reached 5 times.
        Fallback choosing random token happened 0 times.
     Team 1:
        Depth 7 was reached 3 times.
        Depth 9 was reached 4 times.
        Depth 10 was reached 3 times.
        Fallback choosing random token happened 0 times.
--------------------------------------------------
--------------------------------------------------

 
                  Evaluation. 
                 Player A| Q = 0.2009683132896774 * activeTokens + 0.4397970958040569 * successfulTokens + 0.3592345909062657 * tokenDistanceToBorder (EV: 8.0)
                 Player B| Q = 0.3095716250244234 * activeTokens + 0.32739830928043767 * successfulTokens + 0.3630300656951389 * tokenDistanceToBorder (EV: 0.0)
                 Player C| Q = 0.22994125936464602 * activeTokens + 0.4278156383742373 * successfulTokens + 0.34224310226111665 * tokenDistanceToBorder (EV: 41.33333333333333)

 
          Game over. 
         Player A/ Team 0: 5 <--WINNER ON SERVER within 12 turns
         Player B/ Team 1: 3
         Player C/ Team 2: 1

 
--------------------------------------------------
--------------------------------------------------
Depth report.
     Team 0:
        Depth 7 was reached 5 times.
        Depth 9 was reached 5 times.
        Depth 10 was reached 2 times.
        Fallback choosing random token happened 0 times.
     Team 1:
        Depth 7 was reached 1 times.
        Depth 9 was reached 5 times.
        Depth 10 was reached 5 times.
        Fallback choosing random token happened 0 times.
     Team 2:
        Depth 7 was reached 3 times.
        Depth 9 was reached 4 times.
        Depth 10 was reached 4 times.
        Fallback choosing random token happened 0 times.
--------------------------------------------------
--------------------------------------------------

 
                  Evaluation. 
                 Player A| Q = 0.2009683132896774 * activeTokens + 0.4397970958040569 * successfulTokens + 0.3592345909062657 * tokenDistanceToBorder (EV: 40.8)
                 Player B| Q = 0.3095716250244234 * activeTokens + 0.32739830928043767 * successfulTokens + 0.3630300656951389 * tokenDistanceToBorder (EV: 6.0)
                 Player C| Q = 0.22994125936464602 * activeTokens + 0.4278156383742373 * successfulTokens + 0.34224310226111665 * tokenDistanceToBorder (EV: 2.0)

 
          Game over. 
         Player A/ Team 1: 1
         Player B/ Team 2: 0
         Player C/ Team 0: 6 <--WINNER ON SERVER within 7 turns

 
--------------------------------------------------
--------------------------------------------------
Depth report.
     Team 1:
        Depth 7 was reached 2 times.
        Depth 9 was reached 4 times.
        Depth 10 was reached 1 times.
        Fallback choosing random token happened 0 times.
     Team 2:
        Depth 7 was reached 5 times.
        Depth 9 was reached 1 times.
        Depth 10 was reached 1 times.
        Fallback choosing random token happened 0 times.
     Team 0:
        Depth 7 was reached 6 times.
        Depth 9 was reached 2 times.
        Depth 10 was reached 0 times.
        Fallback choosing random token happened 0 times.
--------------------------------------------------
--------------------------------------------------

 
                  Evaluation. 
                 Player A| Q = 0.2009683132896774 * activeTokens + 0.4397970958040569 * successfulTokens + 0.3592345909062657 * tokenDistanceToBorder (EV: 5.0)
                 Player B| Q = 0.3095716250244234 * activeTokens + 0.32739830928043767 * successfulTokens + 0.3630300656951389 * tokenDistanceToBorder (EV: 3.0)
                 Player C| Q = 0.22994125936464602 * activeTokens + 0.4278156383742373 * successfulTokens + 0.34224310226111665 * tokenDistanceToBorder (EV: 45.13333333333333)

 
          Game over. 
         Player A/ Team 1: 0
         Player B/ Team 0: 5 <--WINNER ON SERVER within 8 turns
         Player C/ Team 2: 0

 
--------------------------------------------------
--------------------------------------------------
Depth report.
     Team 1:
        Depth 7 was reached 3 times.
        Depth 9 was reached 3 times.
        Depth 10 was reached 2 times.
        Fallback choosing random token happened 0 times.
     Team 0:
        Depth 7 was reached 6 times.
        Depth 9 was reached 1 times.
        Depth 10 was reached 2 times.
        Fallback choosing random token happened 0 times.
     Team 2:
        Depth 7 was reached 2 times.
        Depth 9 was reached 2 times.
        Depth 10 was reached 4 times.
        Fallback choosing random token happened 0 times.
--------------------------------------------------
--------------------------------------------------

 
                  Evaluation. 
                 Player A| Q = 0.2009683132896774 * activeTokens + 0.4397970958040569 * successfulTokens + 0.3592345909062657 * tokenDistanceToBorder (EV: 4.0)
                 Player B| Q = 0.3095716250244234 * activeTokens + 0.32739830928043767 * successfulTokens + 0.3630300656951389 * tokenDistanceToBorder (EV: 45.86666666666667)
                 Player C| Q = 0.22994125936464602 * activeTokens + 0.4278156383742373 * successfulTokens + 0.34224310226111665 * tokenDistanceToBorder (EV: 4.0)

 
          Game over. 
         Player A/ Team 0: 6 <--WINNER ON SERVER within 8 turns
         Player B/ Team 2: 0
         Player C/ Team 1: 1

 
--------------------------------------------------
--------------------------------------------------
Depth report.
     Team 0:
        Depth 7 was reached 6 times.
        Depth 9 was reached 2 times.
        Depth 10 was reached 0 times.
        Fallback choosing random token happened 0 times.
     Team 2:
        Depth 7 was reached 5 times.
        Depth 9 was reached 1 times.
        Depth 10 was reached 1 times.
        Fallback choosing random token happened 0 times.
     Team 1:
        Depth 7 was reached 2 times.
        Depth 9 was reached 4 times.
        Depth 10 was reached 1 times.
        Fallback choosing random token happened 0 times.
--------------------------------------------------
--------------------------------------------------

 
                  Evaluation. 
                 Player A| Q = 0.2009683132896774 * activeTokens + 0.4397970958040569 * successfulTokens + 0.3592345909062657 * tokenDistanceToBorder (EV: 44.86666666666667)
                 Player B| Q = 0.3095716250244234 * activeTokens + 0.32739830928043767 * successfulTokens + 0.3630300656951389 * tokenDistanceToBorder (EV: 3.0)
                 Player C| Q = 0.22994125936464602 * activeTokens + 0.4278156383742373 * successfulTokens + 0.34224310226111665 * tokenDistanceToBorder (EV: 5.0)

 
          Game over. 
         Player A/ Team 0: 5 <--WINNER ON SERVER within 12 turns
         Player B/ Team 1: 3
         Player C/ Team 2: 1

 
--------------------------------------------------
--------------------------------------------------
Depth report.
     Team 0:
        Depth 7 was reached 6 times.
        Depth 9 was reached 4 times.
        Depth 10 was reached 2 times.
        Fallback choosing random token happened 0 times.
     Team 1:
        Depth 7 was reached 1 times.
        Depth 9 was reached 5 times.
        Depth 10 was reached 5 times.
        Fallback choosing random token happened 0 times.
     Team 2:
        Depth 7 was reached 3 times.
