
 
----------------------------------------------------------------------
 Starting Generation (Number: 11).
 
Creating mutations. 
High Mutations: [0.0452, -0.0667, 0.0215][0.0676, -0.0945, 0.0269][-0.0464, 0.0345, 0.0119]
Low_Mutations: [0.0, 0.0, 0.0][-0.03284, 0.06458, -0.03174][0.07008, 0.07768, -0.14776]
 
Recombination. 
Parent: Q = 0.3370048202778307 * activeTokens + 0.3329928317604508 * successfulTokens + 0.33000234796171846 * tokenDistanceToBorder (EV: 6.666666666666666)
Child: Q = 0.33698656678540206 * activeTokens + 0.34950107515337664 * successfulTokens + 0.3135123580612213 * tokenDistanceToBorder (EV: 0.0)
Child: Q = 0.38062714351042776 * activeTokens + 0.28510225949941165 * successfulTokens + 0.3342705969901605 * tokenDistanceToBorder (EV: 0.0)
Parent: Q = 0.3605002333364007 * activeTokens + 0.31858486921903545 * successfulTokens + 0.32091489744456386 * tokenDistanceToBorder (EV: 17.513333333333332)
Child: Q = 0.3052795636958037 * activeTokens + 0.4118530318989997 * successfulTokens + 0.2828674044051966 * tokenDistanceToBorder (EV: 0.0)
Child: Q = 0.4022543319759273 * activeTokens + 0.25826137381455067 * successfulTokens + 0.33948429420952203 * tokenDistanceToBorder (EV: 0.0)
Parent: Q = 0.32206537491824394 * activeTokens + 0.3731004753906238 * successfulTokens + 0.3048341496911324 * tokenDistanceToBorder (EV: 27.606666666666673)
Child: Q = 0.40464877069889327 * activeTokens + 0.42450107515337665 * successfulTokens + 0.17085015414773008 * tokenDistanceToBorder (EV: 0.0)
Child: Q = 0.292187390678296 * activeTokens + 0.3828108073881861 * successfulTokens + 0.32500180193351796 * tokenDistanceToBorder (EV: 0.0)

 
          Game over. 
         Player A/ Team 0: 6 <--WINNER ON SERVER within 10 turns
         Player B/ Team 1: 0
         Player C/ Team 2: 0

 
--------------------------------------------------
--------------------------------------------------
Depth report.
     Team 0:
        Depth 7 was reached 5 times.
        Depth 9 was reached 2 times.
        Depth 10 was reached 3 times.
        Fallback choosing random token happened 0 times.
     Team 1:
        Depth 7 was reached 4 times.
        Depth 9 was reached 2 times.
        Depth 10 was reached 3 times.
        Fallback choosing random token happened 0 times.
     Team 2:
        Depth 7 was reached 5 times.
        Depth 9 was reached 1 times.
        Depth 10 was reached 3 times.
        Fallback choosing random token happened 0 times.
--------------------------------------------------
--------------------------------------------------

 
                  Evaluation. 
                 Player A| Q = 0.3370048202778307 * activeTokens + 0.3329928317604508 * successfulTokens + 0.33000234796171846 * tokenDistanceToBorder (EV: 45.33333333333333)
                 Player B| Q = 0.33698656678540206 * activeTokens + 0.34950107515337664 * successfulTokens + 0.3135123580612213 * tokenDistanceToBorder (EV: 4.0)
                 Player C| Q = 0.38062714351042776 * activeTokens + 0.28510225949941165 * successfulTokens + 0.3342705969901605 * tokenDistanceToBorder (EV: 4.0)

 
          Game over. 
         Player A/ Team 2: 0
         Player B/ Team 1: 5 <--WINNER ON SERVER within 9 turns
         Player C/ Team 0: 1

 
--------------------------------------------------
--------------------------------------------------
Depth report.
     Team 2:
        Depth 7 was reached 8 times.
        Depth 9 was reached 1 times.
        Depth 10 was reached 0 times.
        Fallback choosing random token happened 0 times.
     Team 1:
        Depth 7 was reached 8 times.
        Depth 9 was reached 2 times.
        Depth 10 was reached 0 times.
        Fallback choosing random token happened 0 times.
     Team 0:
        Depth 7 was reached 8 times.
        Depth 9 was reached 1 times.
        Depth 10 was reached 0 times.
        Fallback choosing random token happened 1 times.
--------------------------------------------------
--------------------------------------------------

 
                  Evaluation. 
                 Player A| Q = 0.3370048202778307 * activeTokens + 0.3329928317604508 * successfulTokens + 0.33000234796171846 * tokenDistanceToBorder (EV: 3.0)
                 Player B| Q = 0.33698656678540206 * activeTokens + 0.34950107515337664 * successfulTokens + 0.3135123580612213 * tokenDistanceToBorder (EV: 44.6)
                 Player C| Q = 0.38062714351042776 * activeTokens + 0.28510225949941165 * successfulTokens + 0.3342705969901605 * tokenDistanceToBorder (EV: 5.0)

 
          Game over. 
         Player A/ Team 0: 6 <--WINNER ON SERVER within 10 turns
         Player B/ Team 1: 0
         Player C/ Team 2: 0

 
--------------------------------------------------
--------------------------------------------------
Depth report.
     Team 0:
        Depth 7 was reached 5 times.
        Depth 9 was reached 2 times.
        Depth 10 was reached 3 times.
        Fallback choosing random token happened 0 times.
     Team 1:
        Depth 7 was reached 4 times.
        Depth 9 was reached 2 times.
        Depth 10 was reached 3 times.
        Fallback choosing random token happened 0 times.
     Team 2:
        Depth 7 was reached 6 times.
        Depth 9 was reached 0 times.
        Depth 10 was reached 3 times.
        Fallback choosing random token happened 0 times.
--------------------------------------------------
--------------------------------------------------

 
                  Evaluation. 
                 Player A| Q = 0.3370048202778307 * activeTokens + 0.3329928317604508 * successfulTokens + 0.33000234796171846 * tokenDistanceToBorder (EV: 45.33333333333333)
                 Player B| Q = 0.33698656678540206 * activeTokens + 0.34950107515337664 * successfulTokens + 0.3135123580612213 * tokenDistanceToBorder (EV: 4.0)
                 Player C| Q = 0.38062714351042776 * activeTokens + 0.28510225949941165 * successfulTokens + 0.3342705969901605 * tokenDistanceToBorder (EV: 4.0)

 
          Game over. 
         Player A/ Team 1: 0
         Player B/ Team 0: 6 <--WINNER ON SERVER within 9 turns
         Player C/ Team 2: 0

 
--------------------------------------------------
--------------------------------------------------
Depth report.
     Team 1:
        Depth 7 was reached 4 times.
        Depth 9 was reached 2 times.
        Depth 10 was reached 3 times.
        Fallback choosing random token happened 0 times.
     Team 0:
        Depth 7 was reached 5 times.
        Depth 9 was reached 2 times.
        Depth 10 was reached 3 times.
        Fallback choosing random token happened 0 times.
     Team 2:
        Depth 7 was reached 5 times.
        Depth 9 was reached 1 times.
        Depth 10 was reached 3 times.
        Fallback choosing random token happened 0 times.
--------------------------------------------------
--------------------------------------------------

 
                  Evaluation. 
                 Player A| Q = 0.3370048202778307 * activeTokens + 0.3329928317604508 * successfulTokens + 0.33000234796171846 * tokenDistanceToBorder (EV: 4.0)
                 Player B| Q = 0.33698656678540206 * activeTokens + 0.34950107515337664 * successfulTokens + 0.3135123580612213 * tokenDistanceToBorder (EV: 45.6)
                 Player C| Q = 0.38062714351042776 * activeTokens + 0.28510225949941165 * successfulTokens + 0.3342705969901605 * tokenDistanceToBorder (EV: 4.0)

 
          Game over. 
         Player A/ Team 1: 0
         Player B/ Team 0: 6 <--WINNER ON SERVER within 9 turns
         Player C/ Team 2: 0

 
--------------------------------------------------
--------------------------------------------------
Depth report.
     Team 1:
        Depth 7 was reached 3 times.
        Depth 9 was reached 3 times.
        Depth 10 was reached 3 times.
        Fallback choosing random token happened 0 times.
     Team 0:
        Depth 7 was reached 5 times.
        Depth 9 was reached 2 times.
        Depth 10 was reached 3 times.
        Fallback choosing random token happened 0 times.
     Team 2:
        Depth 7 was reached 5 times.
        Depth 9 was reached 1 times.
        Depth 10 was reached 3 times.
        Fallback choosing random token happened 0 times.
--------------------------------------------------
--------------------------------------------------

 
                  Evaluation. 
                 Player A| Q = 0.3370048202778307 * activeTokens + 0.3329928317604508 * successfulTokens + 0.33000234796171846 * tokenDistanceToBorder (EV: 4.0)
                 Player B| Q = 0.33698656678540206 * activeTokens + 0.34950107515337664 * successfulTokens + 0.3135123580612213 * tokenDistanceToBorder (EV: 45.6)
                 Player C| Q = 0.38062714351042776 * activeTokens + 0.28510225949941165 * successfulTokens + 0.3342705969901605 * tokenDistanceToBorder (EV: 4.0)

 
          Game over. 
         Player A/ Team 2: 0
         Player B/ Team 0: 6 <--WINNER ON SERVER within 9 turns
         Player C/ Team 1: 0

 
--------------------------------------------------
--------------------------------------------------
Depth report.
     Team 2:
        Depth 7 was reached 6 times.
        Depth 9 was reached 0 times.
        Depth 10 was reached 3 times.
        Fallback choosing random token happened 0 times.
     Team 0:
        Depth 7 was reached 5 times.
        Depth 9 was reached 2 times.
        Depth 10 was reached 3 times.
        Fallback choosing random token happened 0 times.
     Team 1:
        Depth 7 was reached 4 times.
        Depth 9 was reached 2 times.
        Depth 10 was reached 3 times.
        Fallback choosing random token happened 0 times.
--------------------------------------------------
--------------------------------------------------

 
                  Evaluation. 
                 Player A| Q = 0.3370048202778307 * activeTokens + 0.3329928317604508 * successfulTokens + 0.33000234796171846 * tokenDistanceToBorder (EV: 4.0)
                 Player B| Q = 0.33698656678540206 * activeTokens + 0.34950107515337664 * successfulTokens + 0.3135123580612213 * tokenDistanceToBorder (EV: 45.6)
                 Player C| Q = 0.38062714351042776 * activeTokens + 0.28510225949941165 * successfulTokens + 0.3342705969901605 * tokenDistanceToBorder (EV: 4.0)

 
          Game over. 
         Player A/ Team 0: 6 <--WINNER ON SERVER within 10 turns
         Player B/ Team 1: 0
         Player C/ Team 2: 0

 
--------------------------------------------------
--------------------------------------------------
Depth report.
     Team 0:
        Depth 7 was reached 5 times.
        Depth 9 was reached 2 times.
        Depth 10 was reached 3 times.
        Fallback choosing random token happened 0 times.
     Team 1:
        Depth 7 was reached 4 times.
        Depth 9 was reached 2 times.
        Depth 10 was reached 3 times.
        Fallback choosing random token happened 0 times.
     Team 2:
        Depth 7 was reached 4 times.
        Depth 9 was reached 3 times.
        Depth 10 was reached 2 times.
        Fallback choosing random token happened 0 times.
--------------------------------------------------
--------------------------------------------------

 
                  Evaluation. 
                 Player A| Q = 0.3370048202778307 * activeTokens + 0.3329928317604508 * successfulTokens + 0.33000234796171846 * tokenDistanceToBorder (EV: 45.33333333333333)
                 Player B| Q = 0.33698656678540206 * activeTokens + 0.34950107515337664 * successfulTokens + 0.3135123580612213 * tokenDistanceToBorder (EV: 4.0)
                 Player C| Q = 0.38062714351042776 * activeTokens + 0.28510225949941165 * successfulTokens + 0.3342705969901605 * tokenDistanceToBorder (EV: 4.0)

 
          Game over. 
         Player A/ Team 0: 6 <--WINNER ON SERVER within 10 turns
         Player B/ Team 1: 0
         Player C/ Team 2: 0

 
--------------------------------------------------
--------------------------------------------------
Depth report.
     Team 0:
        Depth 7 was reached 5 times.
        Depth 9 was reached 2 times.
        Depth 10 was reached 3 times.
        Fallback choosing random token happened 0 times.
     Team 1:
        Depth 7 was reached 4 times.
        Depth 9 was reached 2 times.
        Depth 10 was reached 3 times.
        Fallback choosing random token happened 0 times.
     Team 2:
        Depth 7 was reached 5 times.
        Depth 9 was reached 2 times.
        Depth 10 was reached 2 times.
        Fallback choosing random token happened 0 times.
--------------------------------------------------
--------------------------------------------------

 
                  Evaluation. 
                 Player A| Q = 0.3370048202778307 * activeTokens + 0.3329928317604508 * successfulTokens + 0.33000234796171846 * tokenDistanceToBorder (EV: 45.33333333333333)
                 Player B| Q = 0.33698656678540206 * activeTokens + 0.34950107515337664 * successfulTokens + 0.3135123580612213 * tokenDistanceToBorder (EV: 4.0)
                 Player C| Q = 0.38062714351042776 * activeTokens + 0.28510225949941165 * successfulTokens + 0.3342705969901605 * tokenDistanceToBorder (EV: 4.0)

 
          Game over. 
         Player A/ Team 1: 0
         Player B/ Team 0: 6 <--WINNER ON SERVER within 9 turns
         Player C/ Team 2: 0

 
--------------------------------------------------
--------------------------------------------------
Depth report.
     Team 1:
        Depth 7 was reached 3 times.
        Depth 9 was reached 3 times.
        Depth 10 was reached 3 times.
        Fallback choosing random token happened 0 times.
     Team 0:
        Depth 7 was reached 5 times.
        Depth 9 was reached 2 times.
        Depth 10 was reached 3 times.
        Fallback choosing random token happened 0 times.
     Team 2:
        Depth 7 was reached 5 times.
        Depth 9 was reached 1 times.
        Depth 10 was reached 3 times.
        Fallback choosing random token happened 0 times.
--------------------------------------------------
--------------------------------------------------

 
                  Evaluation. 
                 Player A| Q = 0.3370048202778307 * activeTokens + 0.3329928317604508 * successfulTokens + 0.33000234796171846 * tokenDistanceToBorder (EV: 4.0)
                 Player B| Q = 0.33698656678540206 * activeTokens + 0.34950107515337664 * successfulTokens + 0.3135123580612213 * tokenDistanceToBorder (EV: 45.6)
                 Player C| Q = 0.38062714351042776 * activeTokens + 0.28510225949941165 * successfulTokens + 0.3342705969901605 * tokenDistanceToBorder (EV: 4.0)

 
          Game over. 
         Player A/ Team 2: 1
         Player B/ Team 1: 5 <--WINNER ON SERVER within 11 turns
         Player C/ Team 0: 3

 
--------------------------------------------------
--------------------------------------------------
Depth report.
     Team 2:
        Depth 7 was reached 8 times.
        Depth 9 was reached 2 times.
        Depth 10 was reached 1 times.
        Fallback choosing random token happened 0 times.
     Team 1:
        Depth 7 was reached 7 times.
        Depth 9 was reached 4 times.
        Depth 10 was reached 1 times.
        Fallback choosing random token happened 0 times.
     Team 0:
        Depth 7 was reached 8 times.
        Depth 9 was reached 2 times.
        Depth 10 was reached 1 times.
        Fallback choosing random token happened 1 times.
--------------------------------------------------
--------------------------------------------------

 
                  Evaluation. 
                 Player A| Q = 0.3370048202778307 * activeTokens + 0.3329928317604508 * successfulTokens + 0.33000234796171846 * tokenDistanceToBorder (EV: 2.0)
                 Player B| Q = 0.33698656678540206 * activeTokens + 0.34950107515337664 * successfulTokens + 0.3135123580612213 * tokenDistanceToBorder (EV: 41.06666666666666)
                 Player C| Q = 0.38062714351042776 * activeTokens + 0.28510225949941165 * successfulTokens + 0.3342705969901605 * tokenDistanceToBorder (EV: 6.0)

 
          Game over. 
         Player A/ Team 2: 0
         Player B/ Team 0: 6 <--WINNER ON SERVER within 9 turns
         Player C/ Team 1: 0

 
--------------------------------------------------
--------------------------------------------------
Depth report.
     Team 2:
        Depth 7 was reached 5 times.
        Depth 9 was reached 1 times.
        Depth 10 was reached 3 times.
        Fallback choosing random token happened 0 times.
     Team 0:
        Depth 7 was reached 5 times.
        Depth 9 was reached 2 times.
        Depth 10 was reached 3 times.
        Fallback choosing random token happened 0 times.
     Team 1:
        Depth 7 was reached 4 times.
        Depth 9 was reached 2 times.
        Depth 10 was reached 3 times.
        Fallback choosing random token happened 0 times.
--------------------------------------------------
--------------------------------------------------

 
                  Evaluation. 
                 Player A| Q = 0.3370048202778307 * activeTokens + 0.3329928317604508 * successfulTokens + 0.33000234796171846 * tokenDistanceToBorder (EV: 4.0)
                 Player B| Q = 0.33698656678540206 * activeTokens + 0.34950107515337664 * successfulTokens + 0.3135123580612213 * tokenDistanceToBorder (EV: 45.6)
                 Player C| Q = 0.38062714351042776 * activeTokens + 0.28510225949941165 * successfulTokens + 0.3342705969901605 * tokenDistanceToBorder (EV: 4.0)

 
          Game over. 
         Player A/ Team 2: 0
         Player B/ Team 0: 6 <--WINNER ON SERVER within 9 turns
         Player C/ Team 1: 0

 
--------------------------------------------------
--------------------------------------------------
Depth report.
     Team 2:
        Depth 7 was reached 6 times.
        Depth 9 was reached 1 times.
        Depth 10 was reached 2 times.
        Fallback choosing random token happened 0 times.
     Team 0:
        Depth 7 was reached 5 times.
        Depth 9 was reached 2 times.
        Depth 10 was reached 3 times.
        Fallback choosing random token happened 0 times.
     Team 1:
        Depth 7 was reached 4 times.
        Depth 9 was reached 2 times.
        Depth 10 was reached 3 times.
        Fallback choosing random token happened 0 times.
--------------------------------------------------
--------------------------------------------------

 
                  Evaluation. 
                 Player A| Q = 0.3370048202778307 * activeTokens + 0.3329928317604508 * successfulTokens + 0.33000234796171846 * tokenDistanceToBorder (EV: 4.0)
                 Player B| Q = 0.33698656678540206 * activeTokens + 0.34950107515337664 * successfulTokens + 0.3135123580612213 * tokenDistanceToBorder (EV: 45.6)
                 Player C| Q = 0.38062714351042776 * activeTokens + 0.28510225949941165 * successfulTokens + 0.3342705969901605 * tokenDistanceToBorder (EV: 4.0)

 
          Game over. 
         Player A/ Team 0: 6 <--WINNER ON SERVER within 10 turns
         Player B/ Team 2: 0
         Player C/ Team 1: 0

 
--------------------------------------------------
--------------------------------------------------
Depth report.
     Team 0:
        Depth 7 was reached 5 times.
        Depth 9 was reached 2 times.
        Depth 10 was reached 3 times.
        Fallback choosing random token happened 0 times.
     Team 2:
        Depth 7 was reached 4 times.
        Depth 9 was reached 2 times.
        Depth 10 was reached 3 times.
        Fallback choosing random token happened 0 times.
     Team 1:
        Depth 7 was reached 4 times.
        Depth 9 was reached 2 times.
        Depth 10 was reached 3 times.
        Fallback choosing random token happened 0 times.
--------------------------------------------------
--------------------------------------------------

 
                  Evaluation. 
                 Player A| Q = 0.3370048202778307 * activeTokens + 0.3329928317604508 * successfulTokens + 0.33000234796171846 * tokenDistanceToBorder (EV: 45.33333333333333)
                 Player B| Q = 0.33698656678540206 * activeTokens + 0.34950107515337664 * successfulTokens + 0.3135123580612213 * tokenDistanceToBorder (EV: 4.0)
                 Player C| Q = 0.38062714351042776 * activeTokens + 0.28510225949941165 * successfulTokens + 0.3342705969901605 * tokenDistanceToBorder (EV: 4.0)

 
          Game over. 
         Player A/ Team 0: 6 <--WINNER ON SERVER within 10 turns
         Player B/ Team 2: 0
         Player C/ Team 1: 0

 
--------------------------------------------------
--------------------------------------------------
Depth report.
     Team 0:
        Depth 7 was reached 5 times.
        Depth 9 was reached 2 times.
        Depth 10 was reached 3 times.
        Fallback choosing random token happened 0 times.
     Team 2:
        Depth 7 was reached 5 times.
        Depth 9 was reached 1 times.
        Depth 10 was reached 3 times.
        Fallback choosing random token happened 0 times.
     Team 1:
        Depth 7 was reached 3 times.
        Depth 9 was reached 3 times.
        Depth 10 was reached 3 times.
        Fallback choosing random token happened 0 times.
--------------------------------------------------
--------------------------------------------------

 
                  Evaluation. 
                 Player A| Q = 0.3370048202778307 * activeTokens + 0.3329928317604508 * successfulTokens + 0.33000234796171846 * tokenDistanceToBorder (EV: 45.33333333333333)
                 Player B| Q = 0.33698656678540206 * activeTokens + 0.34950107515337664 * successfulTokens + 0.3135123580612213 * tokenDistanceToBorder (EV: 4.0)
                 Player C| Q = 0.38062714351042776 * activeTokens + 0.28510225949941165 * successfulTokens + 0.3342705969901605 * tokenDistanceToBorder (EV: 4.0)

 
          Game over. 
         Player A/ Team 2: 0
         Player B/ Team 0: 6 <--WINNER ON SERVER within 9 turns
         Player C/ Team 1: 0

 
--------------------------------------------------
--------------------------------------------------
Depth report.
     Team 2:
        Depth 7 was reached 5 times.
        Depth 9 was reached 2 times.
        Depth 10 was reached 2 times.
        Fallback choosing random token happened 0 times.
     Team 0:
        Depth 7 was reached 5 times.
        Depth 9 was reached 2 times.
        Depth 10 was reached 3 times.
        Fallback choosing random token happened 0 times.
     Team 1:
        Depth 7 was reached 4 times.
        Depth 9 was reached 2 times.
        Depth 10 was reached 3 times.
        Fallback choosing random token happened 0 times.
--------------------------------------------------
--------------------------------------------------

 
                  Evaluation. 
                 Player A| Q = 0.3370048202778307 * activeTokens + 0.3329928317604508 * successfulTokens + 0.33000234796171846 * tokenDistanceToBorder (EV: 4.0)
                 Player B| Q = 0.33698656678540206 * activeTokens + 0.34950107515337664 * successfulTokens + 0.3135123580612213 * tokenDistanceToBorder (EV: 45.6)
                 Player C| Q = 0.38062714351042776 * activeTokens + 0.28510225949941165 * successfulTokens + 0.3342705969901605 * tokenDistanceToBorder (EV: 4.0)

 
          Game over. 
         Player A/ Team 0: 6 <--WINNER ON SERVER within 10 turns
         Player B/ Team 1: 0
         Player C/ Team 2: 0

 
--------------------------------------------------
--------------------------------------------------
Depth report.
     Team 0:
        Depth 7 was reached 5 times.
        Depth 9 was reached 2 times.
        Depth 10 was reached 3 times.
        Fallback choosing random token happened 0 times.
     Team 1:
        Depth 7 was reached 4 times.
        Depth 9 was reached 2 times.
        Depth 10 was reached 3 times.
        Fallback choosing random token happened 0 times.
     Team 2:
        Depth 7 was reached 5 times.
        Depth 9 was reached 1 times.
        Depth 10 was reached 3 times.
        Fallback choosing random token happened 0 times.
--------------------------------------------------
--------------------------------------------------

 
                  Evaluation. 
                 Player A| Q = 0.3370048202778307 * activeTokens + 0.3329928317604508 * successfulTokens + 0.33000234796171846 * tokenDistanceToBorder (EV: 45.33333333333333)
                 Player B| Q = 0.33698656678540206 * activeTokens + 0.34950107515337664 * successfulTokens + 0.3135123580612213 * tokenDistanceToBorder (EV: 4.0)
                 Player C| Q = 0.38062714351042776 * activeTokens + 0.28510225949941165 * successfulTokens + 0.3342705969901605 * tokenDistanceToBorder (EV: 4.0)

 
          Game over. 
         Player A/ Team 2: 0
         Player B/ Team 0: 6 <--WINNER ON SERVER within 9 turns
         Player C/ Team 1: 0

 
--------------------------------------------------
--------------------------------------------------
Depth report.
     Team 2:
        Depth 7 was reached 6 times.
        Depth 9 was reached 1 times.
        Depth 10 was reached 2 times.
        Fallback choosing random token happened 0 times.
     Team 0:
        Depth 7 was reached 4 times.
        Depth 9 was reached 3 times.
        Depth 10 was reached 3 times.
        Fallback choosing random token happened 0 times.
     Team 1:
        Depth 7 was reached 4 times.
        Depth 9 was reached 2 times.
        Depth 10 was reached 3 times.
        Fallback choosing random token happened 0 times.
--------------------------------------------------
--------------------------------------------------

 
                  Evaluation. 
                 Player A| Q = 0.3370048202778307 * activeTokens + 0.3329928317604508 * successfulTokens + 0.33000234796171846 * tokenDistanceToBorder (EV: 4.0)
                 Player B| Q = 0.33698656678540206 * activeTokens + 0.34950107515337664 * successfulTokens + 0.3135123580612213 * tokenDistanceToBorder (EV: 45.6)
                 Player C| Q = 0.38062714351042776 * activeTokens + 0.28510225949941165 * successfulTokens + 0.3342705969901605 * tokenDistanceToBorder (EV: 4.0)

 
          Game over. 
         Player A/ Team 2: 0
         Player B/ Team 0: 6 <--WINNER ON SERVER within 9 turns
         Player C/ Team 1: 0

 
--------------------------------------------------
--------------------------------------------------
Depth report.
     Team 2:
        Depth 7 was reached 6 times.
        Depth 9 was reached 0 times.
        Depth 10 was reached 3 times.
        Fallback choosing random token happened 0 times.
     Team 0:
        Depth 7 was reached 5 times.
        Depth 9 was reached 2 times.
        Depth 10 was reached 3 times.
        Fallback choosing random token happened 0 times.
     Team 1:
        Depth 7 was reached 4 times.
        Depth 9 was reached 2 times.
        Depth 10 was reached 3 times.
        Fallback choosing random token happened 0 times.
--------------------------------------------------
--------------------------------------------------

 
                  Evaluation. 
                 Player A| Q = 0.3370048202778307 * activeTokens + 0.3329928317604508 * successfulTokens + 0.33000234796171846 * tokenDistanceToBorder (EV: 4.0)
                 Player B| Q = 0.33698656678540206 * activeTokens + 0.34950107515337664 * successfulTokens + 0.3135123580612213 * tokenDistanceToBorder (EV: 45.6)
                 Player C| Q = 0.38062714351042776 * activeTokens + 0.28510225949941165 * successfulTokens + 0.3342705969901605 * tokenDistanceToBorder (EV: 4.0)

 
          Game over. 
         Player A/ Team 0: 6 <--WINNER ON SERVER within 10 turns
         Player B/ Team 2: 0
         Player C/ Team 1: 0

 
--------------------------------------------------
--------------------------------------------------
Depth report.
     Team 0:
        Depth 7 was reached 4 times.
        Depth 9 was reached 3 times.
        Depth 10 was reached 3 times.
        Fallback choosing random token happened 0 times.
     Team 2:
        Depth 7 was reached 5 times.
        Depth 9 was reached 1 times.
        Depth 10 was reached 3 times.
        Fallback choosing random token happened 0 times.
     Team 1:
        Depth 7 was reached 4 times.
        Depth 9 was reached 2 times.
        Depth 10 was reached 3 times.
        Fallback choosing random token happened 0 times.
--------------------------------------------------
--------------------------------------------------

 
                  Evaluation. 
                 Player A| Q = 0.3370048202778307 * activeTokens + 0.3329928317604508 * successfulTokens + 0.33000234796171846 * tokenDistanceToBorder (EV: 45.33333333333333)
                 Player B| Q = 0.33698656678540206 * activeTokens + 0.34950107515337664 * successfulTokens + 0.3135123580612213 * tokenDistanceToBorder (EV: 4.0)
                 Player C| Q = 0.38062714351042776 * activeTokens + 0.28510225949941165 * successfulTokens + 0.3342705969901605 * tokenDistanceToBorder (EV: 4.0)

 
          Game over. 
         Player A/ Team 2: 0
         Player B/ Team 0: 6 <--WINNER ON SERVER within 9 turns
         Player C/ Team 1: 0

 
--------------------------------------------------
--------------------------------------------------
Depth report.
     Team 2:
        Depth 7 was reached 4 times.
        Depth 9 was reached 2 times.
        Depth 10 was reached 3 times.
        Fallback choosing random token happened 0 times.
     Team 0:
        Depth 7 was reached 5 times.
        Depth 9 was reached 2 times.
        Depth 10 was reached 3 times.
        Fallback choosing random token happened 0 times.
     Team 1:
        Depth 7 was reached 4 times.
        Depth 9 was reached 2 times.
        Depth 10 was reached 3 times.
        Fallback choosing random token happened 0 times.
--------------------------------------------------
--------------------------------------------------

 
                  Evaluation. 
                 Player A| Q = 0.3370048202778307 * activeTokens + 0.3329928317604508 * successfulTokens + 0.33000234796171846 * tokenDistanceToBorder (EV: 4.0)
                 Player B| Q = 0.33698656678540206 * activeTokens + 0.34950107515337664 * successfulTokens + 0.3135123580612213 * tokenDistanceToBorder (EV: 45.6)
                 Player C| Q = 0.38062714351042776 * activeTokens + 0.28510225949941165 * successfulTokens + 0.3342705969901605 * tokenDistanceToBorder (EV: 4.0)

 
Calculating medium parameter evaluation from 20 games played. 
[45.33333333333333, 3.0, 45.33333333333333, 4.0, 4.0, 4.0, 45.33333333333333, 45.33333333333333, 4.0, 2.0, 4.0, 4.0, 45.33333333333333, 45.33333333333333, 4.0, 45.33333333333333, 4.0, 4.0, 45.33333333333333, 4.0] ----> Writing medium:Q = 0.3370048202778307 * activeTokens + 0.3329928317604508 * successfulTokens + 0.33000234796171846 * tokenDistanceToBorder (EV: 20.38333333333333)
[4.0, 44.6, 4.0, 45.6, 45.6, 45.6, 4.0, 4.0, 45.6, 41.06666666666666, 45.6, 45.6, 4.0, 4.0, 45.6, 4.0, 45.6, 45.6, 4.0, 45.6] ----> Writing medium:Q = 0.33698656678540206 * activeTokens + 0.34950107515337664 * successfulTokens + 0.3135123580612213 * tokenDistanceToBorder (EV: 28.683333333333337)
[4.0, 5.0, 4.0, 4.0, 4.0, 4.0, 4.0, 4.0, 4.0, 6.0, 4.0, 4.0, 4.0, 4.0, 4.0, 4.0, 4.0, 4.0, 4.0, 4.0] ----> Writing medium:Q = 0.38062714351042776 * activeTokens + 0.28510225949941165 * successfulTokens + 0.3342705969901605 * tokenDistanceToBorder (EV: 4.15)

 
          Game over. 
         Player A/ Team 1: 4
         Player B/ Team 2: 0
         Player C/ Team 0: 5 <--WINNER ON SERVER within 11 turns

 
--------------------------------------------------
--------------------------------------------------
Depth report.
     Team 1:
        Depth 7 was reached 7 times.
        Depth 9 was reached 3 times.
        Depth 10 was reached 1 times.
        Fallback choosing random token happened 0 times.
     Team 2:
        Depth 7 was reached 7 times.
        Depth 9 was reached 2 times.
        Depth 10 was reached 2 times.
        Fallback choosing random token happened 0 times.
     Team 0:
        Depth 7 was reached 10 times.
        Depth 9 was reached 1 times.
        Depth 10 was reached 1 times.
        Fallback choosing random token happened 0 times.
--------------------------------------------------
--------------------------------------------------

 
                  Evaluation. 
                 Player A| Q = 0.3605002333364007 * activeTokens + 0.31858486921903545 * successfulTokens + 0.32091489744456386 * tokenDistanceToBorder (EV: 8.0)
                 Player B| Q = 0.3052795636958037 * activeTokens + 0.4118530318989997 * successfulTokens + 0.2828674044051966 * tokenDistanceToBorder (EV: 0.0)
                 Player C| Q = 0.4022543319759273 * activeTokens + 0.25826137381455067 * successfulTokens + 0.33948429420952203 * tokenDistanceToBorder (EV: 41.06666666666666)

 
          Game over. 
         Player A/ Team 1: 0
         Player B/ Team 0: 5 <--WINNER ON SERVER within 9 turns
         Player C/ Team 2: 0

 
--------------------------------------------------
--------------------------------------------------
Depth report.
     Team 1:
        Depth 7 was reached 4 times.
        Depth 9 was reached 2 times.
        Depth 10 was reached 3 times.
        Fallback choosing random token happened 0 times.
     Team 0:
        Depth 7 was reached 7 times.
        Depth 9 was reached 2 times.
        Depth 10 was reached 1 times.
        Fallback choosing random token happened 0 times.
     Team 2:
        Depth 7 was reached 4 times.
        Depth 9 was reached 2 times.
        Depth 10 was reached 3 times.
        Fallback choosing random token happened 0 times.
--------------------------------------------------
--------------------------------------------------

 
                  Evaluation. 
                 Player A| Q = 0.3605002333364007 * activeTokens + 0.31858486921903545 * successfulTokens + 0.32091489744456386 * tokenDistanceToBorder (EV: 4.0)
                 Player B| Q = 0.3052795636958037 * activeTokens + 0.4118530318989997 * successfulTokens + 0.2828674044051966 * tokenDistanceToBorder (EV: 45.6)
                 Player C| Q = 0.4022543319759273 * activeTokens + 0.25826137381455067 * successfulTokens + 0.33948429420952203 * tokenDistanceToBorder (EV: 4.0)

 
          Game over. 
         Player A/ Team 1: 0
         Player B/ Team 0: 5 <--WINNER ON SERVER within 9 turns
         Player C/ Team 2: 0

 
--------------------------------------------------
--------------------------------------------------
Depth report.
     Team 1:
        Depth 7 was reached 3 times.
        Depth 9 was reached 3 times.
        Depth 10 was reached 3 times.
        Fallback choosing random token happened 0 times.
     Team 0:
        Depth 7 was reached 7 times.
        Depth 9 was reached 2 times.
        Depth 10 was reached 1 times.
        Fallback choosing random token happened 0 times.
     Team 2:
        Depth 7 was reached 4 times.
        Depth 9 was reached 1 times.
        Depth 10 was reached 4 times.
        Fallback choosing random token happened 0 times.
--------------------------------------------------
--------------------------------------------------

 
                  Evaluation. 
                 Player A| Q = 0.3605002333364007 * activeTokens + 0.31858486921903545 * successfulTokens + 0.32091489744456386 * tokenDistanceToBorder (EV: 4.0)
                 Player B| Q = 0.3052795636958037 * activeTokens + 0.4118530318989997 * successfulTokens + 0.2828674044051966 * tokenDistanceToBorder (EV: 45.6)
                 Player C| Q = 0.4022543319759273 * activeTokens + 0.25826137381455067 * successfulTokens + 0.33948429420952203 * tokenDistanceToBorder (EV: 4.0)

 
          Game over. 
         Player A/ Team 0: 6 <--WINNER ON SERVER within 10 turns
         Player B/ Team 2: 0
         Player C/ Team 1: 0

 
--------------------------------------------------
--------------------------------------------------
Depth report.
     Team 0:
        Depth 7 was reached 4 times.
        Depth 9 was reached 3 times.
        Depth 10 was reached 3 times.
        Fallback choosing random token happened 0 times.
     Team 2:
        Depth 7 was reached 4 times.
        Depth 9 was reached 2 times.
        Depth 10 was reached 3 times.
        Fallback choosing random token happened 0 times.
     Team 1:
        Depth 7 was reached 4 times.
        Depth 9 was reached 2 times.
        Depth 10 was reached 3 times.
        Fallback choosing random token happened 0 times.
--------------------------------------------------
--------------------------------------------------

 
                  Evaluation. 
                 Player A| Q = 0.3605002333364007 * activeTokens + 0.31858486921903545 * successfulTokens + 0.32091489744456386 * tokenDistanceToBorder (EV: 45.33333333333333)
                 Player B| Q = 0.3052795636958037 * activeTokens + 0.4118530318989997 * successfulTokens + 0.2828674044051966 * tokenDistanceToBorder (EV: 4.0)
                 Player C| Q = 0.4022543319759273 * activeTokens + 0.25826137381455067 * successfulTokens + 0.33948429420952203 * tokenDistanceToBorder (EV: 4.0)

 
          Game over. 
         Player A/ Team 0: 5 <--WINNER ON SERVER within 11 turns
         Player B/ Team 2: 0
         Player C/ Team 1: 4

 
--------------------------------------------------
--------------------------------------------------
Depth report.
     Team 0:
        Depth 7 was reached 10 times.
        Depth 9 was reached 1 times.
        Depth 10 was reached 0 times.
        Fallback choosing random token happened 0 times.
     Team 2:
        Depth 7 was reached 8 times.
        Depth 9 was reached 1 times.
        Depth 10 was reached 1 times.
        Fallback choosing random token happened 0 times.
     Team 1:
        Depth 7 was reached 7 times.
        Depth 9 was reached 3 times.
        Depth 10 was reached 0 times.
        Fallback choosing random token happened 0 times.
--------------------------------------------------
--------------------------------------------------

 
                  Evaluation. 
                 Player A| Q = 0.3605002333364007 * activeTokens + 0.31858486921903545 * successfulTokens + 0.32091489744456386 * tokenDistanceToBorder (EV: 41.06666666666666)
                 Player B| Q = 0.3052795636958037 * activeTokens + 0.4118530318989997 * successfulTokens + 0.2828674044051966 * tokenDistanceToBorder (EV: 0.0)
                 Player C| Q = 0.4022543319759273 * activeTokens + 0.25826137381455067 * successfulTokens + 0.33948429420952203 * tokenDistanceToBorder (EV: 8.0)

 
          Game over. 
         Player A/ Team 2: 0
         Player B/ Team 0: 5 <--WINNER ON SERVER within 9 turns
         Player C/ Team 1: 0

 
--------------------------------------------------
--------------------------------------------------
Depth report.
     Team 2:
        Depth 7 was reached 5 times.
        Depth 9 was reached 0 times.
        Depth 10 was reached 4 times.
        Fallback choosing random token happened 0 times.
     Team 0:
        Depth 7 was reached 7 times.
        Depth 9 was reached 2 times.
        Depth 10 was reached 1 times.
        Fallback choosing random token happened 0 times.
     Team 1:
        Depth 7 was reached 4 times.
        Depth 9 was reached 2 times.
        Depth 10 was reached 3 times.
        Fallback choosing random token happened 0 times.
--------------------------------------------------
--------------------------------------------------

 
                  Evaluation. 
                 Player A| Q = 0.3605002333364007 * activeTokens + 0.31858486921903545 * successfulTokens + 0.32091489744456386 * tokenDistanceToBorder (EV: 4.0)
                 Player B| Q = 0.3052795636958037 * activeTokens + 0.4118530318989997 * successfulTokens + 0.2828674044051966 * tokenDistanceToBorder (EV: 45.6)
