
 
          Game over. 
         Player A/ Team 2: 0
         Player B/ Team 0: 1
         Player C/ Team 1: 5 <--WINNER ON SERVER within 10 turns

 
--------------------------------------------------
--------------------------------------------------
Depth report.
     Team 2:
        Depth 7 was reached 7 times.
        Depth 9 was reached 0 times.
        Depth 10 was reached 3 times.
        Fallback choosing random token happened 0 times.
     Team 0:
        Depth 7 was reached 7 times.
        Depth 9 was reached 3 times.
        Depth 10 was reached 0 times.
        Fallback choosing random token happened 1 times.
     Team 1:
        Depth 7 was reached 6 times.
        Depth 9 was reached 5 times.
        Depth 10 was reached 0 times.
        Fallback choosing random token happened 0 times.
--------------------------------------------------
--------------------------------------------------

 
                  Evaluation. 
                 Player A| Q = 0.25727039857352463 * activeTokens + 0.39689646881582047 * successfulTokens + 0.345833132610655 * tokenDistanceToBorder (EV: 3.0)
                 Player B| Q = 0.32356166836265954 * activeTokens + 0.4703768603286629 * successfulTokens + 0.20606147130867772 * tokenDistanceToBorder (EV: 5.0)
                 Player C| Q = 0.22620582523055674 * activeTokens + 0.45798508472595645 * successfulTokens + 0.3158090900434869 * tokenDistanceToBorder (EV: 44.33333333333333)

 
          Game over. 
         Player A/ Team 2: 0
         Player B/ Team 0: 2
         Player C/ Team 1: 5 <--WINNER ON SERVER within 12 turns

 
--------------------------------------------------
--------------------------------------------------
Depth report.
     Team 2:
        Depth 7 was reached 11 times.
        Depth 9 was reached 0 times.
        Depth 10 was reached 1 times.
        Fallback choosing random token happened 0 times.
     Team 0:
        Depth 7 was reached 10 times.
        Depth 9 was reached 1 times.
        Depth 10 was reached 0 times.
        Fallback choosing random token happened 2 times.
     Team 1:
        Depth 7 was reached 9 times.
        Depth 9 was reached 4 times.
        Depth 10 was reached 0 times.
        Fallback choosing random token happened 0 times.
--------------------------------------------------
--------------------------------------------------

 
                  Evaluation. 
                 Player A| Q = 0.25727039857352463 * activeTokens + 0.39689646881582047 * successfulTokens + 0.345833132610655 * tokenDistanceToBorder (EV: 2.0)
                 Player B| Q = 0.32356166836265954 * activeTokens + 0.4703768603286629 * successfulTokens + 0.20606147130867772 * tokenDistanceToBorder (EV: 6.0)
                 Player C| Q = 0.22620582523055674 * activeTokens + 0.45798508472595645 * successfulTokens + 0.3158090900434869 * tokenDistanceToBorder (EV: 42.8)

 
          Game over. 
         Player A/ Team 2: 0
         Player B/ Team 1: 5 <--WINNER ON SERVER within 9 turns
         Player C/ Team 0: 4

 
--------------------------------------------------
--------------------------------------------------
Depth report.
     Team 2:
        Depth 7 was reached 7 times.
        Depth 9 was reached 1 times.
        Depth 10 was reached 1 times.
        Fallback choosing random token happened 0 times.
     Team 1:
        Depth 7 was reached 7 times.
        Depth 9 was reached 3 times.
        Depth 10 was reached 0 times.
        Fallback choosing random token happened 0 times.
     Team 0:
        Depth 7 was reached 9 times.
        Depth 9 was reached 1 times.
        Depth 10 was reached 0 times.
        Fallback choosing random token happened 0 times.
--------------------------------------------------
--------------------------------------------------

 
                  Evaluation. 
                 Player A| Q = 0.25727039857352463 * activeTokens + 0.39689646881582047 * successfulTokens + 0.345833132610655 * tokenDistanceToBorder (EV: 0.0)
                 Player B| Q = 0.32356166836265954 * activeTokens + 0.4703768603286629 * successfulTokens + 0.20606147130867772 * tokenDistanceToBorder (EV: 41.6)
                 Player C| Q = 0.22620582523055674 * activeTokens + 0.45798508472595645 * successfulTokens + 0.3158090900434869 * tokenDistanceToBorder (EV: 8.0)

 
          Game over. 
         Player A/ Team 0: 4
         Player B/ Team 1: 5 <--WINNER ON SERVER within 10 turns
         Player C/ Team 2: 0

 
--------------------------------------------------
--------------------------------------------------
Depth report.
     Team 0:
        Depth 7 was reached 9 times.
        Depth 9 was reached 1 times.
        Depth 10 was reached 0 times.
        Fallback choosing random token happened 0 times.
     Team 1:
        Depth 7 was reached 7 times.
        Depth 9 was reached 3 times.
        Depth 10 was reached 0 times.
        Fallback choosing random token happened 0 times.
     Team 2:
        Depth 7 was reached 7 times.
        Depth 9 was reached 1 times.
        Depth 10 was reached 1 times.
        Fallback choosing random token happened 0 times.
--------------------------------------------------
--------------------------------------------------

 
                  Evaluation. 
                 Player A| Q = 0.25727039857352463 * activeTokens + 0.39689646881582047 * successfulTokens + 0.345833132610655 * tokenDistanceToBorder (EV: 8.0)
                 Player B| Q = 0.32356166836265954 * activeTokens + 0.4703768603286629 * successfulTokens + 0.20606147130867772 * tokenDistanceToBorder (EV: 41.33333333333333)
                 Player C| Q = 0.22620582523055674 * activeTokens + 0.45798508472595645 * successfulTokens + 0.3158090900434869 * tokenDistanceToBorder (EV: 0.0)

 
!!!!!!!!!!!!!!!!!!!!!!!!!!!ERROR DETECTED!!!!!!!!!!!!!!!!!!!!!!!!!. 


You got kicked because your move was invalid!



 
INFO: Team 2 lost prematurely (probably because it had no more tokens to play). 


 
          Game over. 
         Player A/ Team 2: 0
         Player B/ Team 0: 5 <--WINNER ON SERVER within 9 turns
         Player C/ Team 1: 4

 
--------------------------------------------------
--------------------------------------------------
Depth report.
     Team 2:
        Depth 7 was reached 7 times.
        Depth 9 was reached 0 times.
        Depth 10 was reached 1 times.
        Fallback choosing random token happened 0 times.
     Team 0:
        Depth 7 was reached 7 times.
        Depth 9 was reached 1 times.
        Depth 10 was reached 3 times.
        Fallback choosing random token happened 1 times.
     Team 1:
        Depth 7 was reached 7 times.
        Depth 9 was reached 2 times.
        Depth 10 was reached 2 times.
        Fallback choosing random token happened 0 times.
--------------------------------------------------
--------------------------------------------------

 
                  Evaluation. 
                 Player A| Q = 0.25727039857352463 * activeTokens + 0.39689646881582047 * successfulTokens + 0.345833132610655 * tokenDistanceToBorder (EV: 0.0)
                 Player B| Q = 0.32356166836265954 * activeTokens + 0.4703768603286629 * successfulTokens + 0.20606147130867772 * tokenDistanceToBorder (EV: 41.6)
                 Player C| Q = 0.22620582523055674 * activeTokens + 0.45798508472595645 * successfulTokens + 0.3158090900434869 * tokenDistanceToBorder (EV: 8.0)

 
          Game over. 
         Player A/ Team 1: 0
         Player B/ Team 2: 0
         Player C/ Team 0: 5 <--WINNER ON SERVER within 8 turns

 
--------------------------------------------------
--------------------------------------------------
Depth report.
     Team 1:
        Depth 7 was reached 6 times.
        Depth 9 was reached 1 times.
        Depth 10 was reached 1 times.
        Fallback choosing random token happened 0 times.
     Team 2:
        Depth 7 was reached 8 times.
        Depth 9 was reached 0 times.
        Depth 10 was reached 0 times.
        Fallback choosing random token happened 0 times.
     Team 0:
        Depth 7 was reached 8 times.
        Depth 9 was reached 1 times.
        Depth 10 was reached 0 times.
        Fallback choosing random token happened 0 times.
--------------------------------------------------
--------------------------------------------------

 
                  Evaluation. 
                 Player A| Q = 0.25727039857352463 * activeTokens + 0.39689646881582047 * successfulTokens + 0.345833132610655 * tokenDistanceToBorder (EV: 4.0)
                 Player B| Q = 0.32356166836265954 * activeTokens + 0.4703768603286629 * successfulTokens + 0.20606147130867772 * tokenDistanceToBorder (EV: 4.0)
                 Player C| Q = 0.22620582523055674 * activeTokens + 0.45798508472595645 * successfulTokens + 0.3158090900434869 * tokenDistanceToBorder (EV: 45.86666666666667)

 
          Game over. 
         Player A/ Team 0: 5 <--WINNER ON SERVER within 10 turns
         Player B/ Team 2: 0
         Player C/ Team 1: 2

 
--------------------------------------------------
--------------------------------------------------
Depth report.
     Team 0:
        Depth 7 was reached 9 times.
        Depth 9 was reached 1 times.
        Depth 10 was reached 0 times.
        Fallback choosing random token happened 0 times.
     Team 2:
        Depth 7 was reached 8 times.
        Depth 9 was reached 1 times.
        Depth 10 was reached 0 times.
        Fallback choosing random token happened 0 times.
     Team 1:
        Depth 7 was reached 5 times.
        Depth 9 was reached 3 times.
        Depth 10 was reached 1 times.
        Fallback choosing random token happened 0 times.
--------------------------------------------------
--------------------------------------------------

 
                  Evaluation. 
                 Player A| Q = 0.25727039857352463 * activeTokens + 0.39689646881582047 * successfulTokens + 0.345833132610655 * tokenDistanceToBorder (EV: 43.33333333333333)
                 Player B| Q = 0.32356166836265954 * activeTokens + 0.4703768603286629 * successfulTokens + 0.20606147130867772 * tokenDistanceToBorder (EV: 2.0)
                 Player C| Q = 0.22620582523055674 * activeTokens + 0.45798508472595645 * successfulTokens + 0.3158090900434869 * tokenDistanceToBorder (EV: 6.0)

 
          Game over. 
         Player A/ Team 0: 4
         Player B/ Team 1: 5 <--WINNER ON SERVER within 10 turns
         Player C/ Team 2: 0

 
--------------------------------------------------
--------------------------------------------------
Depth report.
     Team 0:
        Depth 7 was reached 9 times.
        Depth 9 was reached 1 times.
        Depth 10 was reached 0 times.
        Fallback choosing random token happened 0 times.
     Team 1:
        Depth 7 was reached 7 times.
        Depth 9 was reached 3 times.
        Depth 10 was reached 0 times.
        Fallback choosing random token happened 0 times.
     Team 2:
        Depth 7 was reached 6 times.
        Depth 9 was reached 2 times.
        Depth 10 was reached 1 times.
        Fallback choosing random token happened 0 times.
--------------------------------------------------
--------------------------------------------------

 
                  Evaluation. 
                 Player A| Q = 0.25727039857352463 * activeTokens + 0.39689646881582047 * successfulTokens + 0.345833132610655 * tokenDistanceToBorder (EV: 8.0)
                 Player B| Q = 0.32356166836265954 * activeTokens + 0.4703768603286629 * successfulTokens + 0.20606147130867772 * tokenDistanceToBorder (EV: 41.33333333333333)
                 Player C| Q = 0.22620582523055674 * activeTokens + 0.45798508472595645 * successfulTokens + 0.3158090900434869 * tokenDistanceToBorder (EV: 0.0)

 
          Game over. 
         Player A/ Team 0: 5 <--WINNER ON SERVER within 10 turns
         Player B/ Team 2: 0
         Player C/ Team 1: 2

 
--------------------------------------------------
--------------------------------------------------
Depth report.
     Team 0:
        Depth 7 was reached 9 times.
        Depth 9 was reached 1 times.
        Depth 10 was reached 0 times.
        Fallback choosing random token happened 0 times.
     Team 2:
        Depth 7 was reached 7 times.
        Depth 9 was reached 2 times.
        Depth 10 was reached 0 times.
        Fallback choosing random token happened 0 times.
     Team 1:
        Depth 7 was reached 5 times.
        Depth 9 was reached 3 times.
        Depth 10 was reached 1 times.
        Fallback choosing random token happened 0 times.
--------------------------------------------------
--------------------------------------------------

 
                  Evaluation. 
                 Player A| Q = 0.25727039857352463 * activeTokens + 0.39689646881582047 * successfulTokens + 0.345833132610655 * tokenDistanceToBorder (EV: 43.33333333333333)
                 Player B| Q = 0.32356166836265954 * activeTokens + 0.4703768603286629 * successfulTokens + 0.20606147130867772 * tokenDistanceToBorder (EV: 2.0)
                 Player C| Q = 0.22620582523055674 * activeTokens + 0.45798508472595645 * successfulTokens + 0.3158090900434869 * tokenDistanceToBorder (EV: 6.0)

 
          Game over. 
         Player A/ Team 2: 0
         Player B/ Team 1: 5 <--WINNER ON SERVER within 9 turns
         Player C/ Team 0: 4

 
--------------------------------------------------
--------------------------------------------------
Depth report.
     Team 2:
        Depth 7 was reached 7 times.
        Depth 9 was reached 1 times.
        Depth 10 was reached 1 times.
        Fallback choosing random token happened 0 times.
     Team 1:
        Depth 7 was reached 7 times.
        Depth 9 was reached 3 times.
        Depth 10 was reached 0 times.
        Fallback choosing random token happened 0 times.
     Team 0:
        Depth 7 was reached 9 times.
        Depth 9 was reached 1 times.
        Depth 10 was reached 0 times.
        Fallback choosing random token happened 0 times.
--------------------------------------------------
--------------------------------------------------

 
                  Evaluation. 
                 Player A| Q = 0.25727039857352463 * activeTokens + 0.39689646881582047 * successfulTokens + 0.345833132610655 * tokenDistanceToBorder (EV: 0.0)
                 Player B| Q = 0.32356166836265954 * activeTokens + 0.4703768603286629 * successfulTokens + 0.20606147130867772 * tokenDistanceToBorder (EV: 41.6)
                 Player C| Q = 0.22620582523055674 * activeTokens + 0.45798508472595645 * successfulTokens + 0.3158090900434869 * tokenDistanceToBorder (EV: 8.0)

 
          Game over. 
         Player A/ Team 1: 0
         Player B/ Team 2: 0
         Player C/ Team 0: 5 <--WINNER ON SERVER within 8 turns

 
--------------------------------------------------
--------------------------------------------------
Depth report.
     Team 1:
        Depth 7 was reached 6 times.
        Depth 9 was reached 1 times.
        Depth 10 was reached 1 times.
        Fallback choosing random token happened 0 times.
     Team 2:
        Depth 7 was reached 8 times.
        Depth 9 was reached 0 times.
        Depth 10 was reached 0 times.
        Fallback choosing random token happened 0 times.
     Team 0:
        Depth 7 was reached 8 times.
        Depth 9 was reached 1 times.
        Depth 10 was reached 0 times.
        Fallback choosing random token happened 0 times.
--------------------------------------------------
--------------------------------------------------

 
                  Evaluation. 
                 Player A| Q = 0.25727039857352463 * activeTokens + 0.39689646881582047 * successfulTokens + 0.345833132610655 * tokenDistanceToBorder (EV: 4.0)
                 Player B| Q = 0.32356166836265954 * activeTokens + 0.4703768603286629 * successfulTokens + 0.20606147130867772 * tokenDistanceToBorder (EV: 4.0)
                 Player C| Q = 0.22620582523055674 * activeTokens + 0.45798508472595645 * successfulTokens + 0.3158090900434869 * tokenDistanceToBorder (EV: 45.86666666666667)

 
          Game over. 
         Player A/ Team 2: 0
         Player B/ Team 0: 1
         Player C/ Team 1: 5 <--WINNER ON SERVER within 10 turns

 
--------------------------------------------------
--------------------------------------------------
Depth report.
     Team 2:
        Depth 7 was reached 7 times.
        Depth 9 was reached 0 times.
        Depth 10 was reached 3 times.
        Fallback choosing random token happened 0 times.
     Team 0:
        Depth 7 was reached 7 times.
        Depth 9 was reached 2 times.
        Depth 10 was reached 1 times.
        Fallback choosing random token happened 1 times.
     Team 1:
        Depth 7 was reached 9 times.
        Depth 9 was reached 2 times.
        Depth 10 was reached 0 times.
        Fallback choosing random token happened 0 times.
--------------------------------------------------
--------------------------------------------------

 
                  Evaluation. 
                 Player A| Q = 0.25727039857352463 * activeTokens + 0.39689646881582047 * successfulTokens + 0.345833132610655 * tokenDistanceToBorder (EV: 3.0)
                 Player B| Q = 0.32356166836265954 * activeTokens + 0.4703768603286629 * successfulTokens + 0.20606147130867772 * tokenDistanceToBorder (EV: 5.0)
                 Player C| Q = 0.22620582523055674 * activeTokens + 0.45798508472595645 * successfulTokens + 0.3158090900434869 * tokenDistanceToBorder (EV: 44.33333333333333)

 
          Game over. 
         Player A/ Team 0: 5 <--WINNER ON SERVER within 10 turns
         Player B/ Team 2: 0
         Player C/ Team 1: 2

 
--------------------------------------------------
--------------------------------------------------
Depth report.
     Team 0:
        Depth 7 was reached 9 times.
        Depth 9 was reached 1 times.
        Depth 10 was reached 0 times.
        Fallback choosing random token happened 0 times.
     Team 2:
        Depth 7 was reached 8 times.
        Depth 9 was reached 1 times.
        Depth 10 was reached 0 times.
        Fallback choosing random token happened 0 times.
     Team 1:
        Depth 7 was reached 5 times.
        Depth 9 was reached 3 times.
        Depth 10 was reached 1 times.
        Fallback choosing random token happened 0 times.
--------------------------------------------------
--------------------------------------------------

 
                  Evaluation. 
                 Player A| Q = 0.25727039857352463 * activeTokens + 0.39689646881582047 * successfulTokens + 0.345833132610655 * tokenDistanceToBorder (EV: 43.33333333333333)
                 Player B| Q = 0.32356166836265954 * activeTokens + 0.4703768603286629 * successfulTokens + 0.20606147130867772 * tokenDistanceToBorder (EV: 2.0)
                 Player C| Q = 0.22620582523055674 * activeTokens + 0.45798508472595645 * successfulTokens + 0.3158090900434869 * tokenDistanceToBorder (EV: 6.0)

 
          Game over. 
         Player A/ Team 2: 0
         Player B/ Team 0: 5 <--WINNER ON SERVER within 10 turns
         Player C/ Team 1: 2

 
--------------------------------------------------
--------------------------------------------------
Depth report.
     Team 2:
        Depth 7 was reached 9 times.
        Depth 9 was reached 0 times.
        Depth 10 was reached 1 times.
        Fallback choosing random token happened 0 times.
     Team 0:
        Depth 7 was reached 9 times.
        Depth 9 was reached 1 times.
        Depth 10 was reached 0 times.
        Fallback choosing random token happened 1 times.
     Team 1:
        Depth 7 was reached 7 times.
        Depth 9 was reached 1 times.
        Depth 10 was reached 2 times.
        Fallback choosing random token happened 0 times.
--------------------------------------------------
--------------------------------------------------

 
                  Evaluation. 
                 Player A| Q = 0.25727039857352463 * activeTokens + 0.39689646881582047 * successfulTokens + 0.345833132610655 * tokenDistanceToBorder (EV: 2.0)
                 Player B| Q = 0.32356166836265954 * activeTokens + 0.4703768603286629 * successfulTokens + 0.20606147130867772 * tokenDistanceToBorder (EV: 43.33333333333333)
                 Player C| Q = 0.22620582523055674 * activeTokens + 0.45798508472595645 * successfulTokens + 0.3158090900434869 * tokenDistanceToBorder (EV: 6.0)

 
          Game over. 
         Player A/ Team 0: 4
         Player B/ Team 1: 5 <--WINNER ON SERVER within 10 turns
         Player C/ Team 2: 0

 
--------------------------------------------------
--------------------------------------------------
Depth report.
     Team 0:
        Depth 7 was reached 9 times.
        Depth 9 was reached 1 times.
        Depth 10 was reached 0 times.
        Fallback choosing random token happened 0 times.
     Team 1:
        Depth 7 was reached 7 times.
        Depth 9 was reached 3 times.
        Depth 10 was reached 0 times.
        Fallback choosing random token happened 0 times.
     Team 2:
        Depth 7 was reached 6 times.
        Depth 9 was reached 2 times.
        Depth 10 was reached 1 times.
        Fallback choosing random token happened 0 times.
--------------------------------------------------
--------------------------------------------------

 
                  Evaluation. 
                 Player A| Q = 0.25727039857352463 * activeTokens + 0.39689646881582047 * successfulTokens + 0.345833132610655 * tokenDistanceToBorder (EV: 8.0)
                 Player B| Q = 0.32356166836265954 * activeTokens + 0.4703768603286629 * successfulTokens + 0.20606147130867772 * tokenDistanceToBorder (EV: 41.33333333333333)
                 Player C| Q = 0.22620582523055674 * activeTokens + 0.45798508472595645 * successfulTokens + 0.3158090900434869 * tokenDistanceToBorder (EV: 0.0)

 
          Game over. 
         Player A/ Team 1: 0
         Player B/ Team 2: 0
         Player C/ Team 0: 5 <--WINNER ON SERVER within 8 turns

 
--------------------------------------------------
--------------------------------------------------
Depth report.
     Team 1:
        Depth 7 was reached 6 times.
        Depth 9 was reached 1 times.
        Depth 10 was reached 1 times.
        Fallback choosing random token happened 0 times.
     Team 2:
        Depth 7 was reached 8 times.
        Depth 9 was reached 0 times.
        Depth 10 was reached 0 times.
        Fallback choosing random token happened 0 times.
     Team 0:
        Depth 7 was reached 8 times.
        Depth 9 was reached 1 times.
        Depth 10 was reached 0 times.
        Fallback choosing random token happened 0 times.
--------------------------------------------------
--------------------------------------------------

 
                  Evaluation. 
                 Player A| Q = 0.25727039857352463 * activeTokens + 0.39689646881582047 * successfulTokens + 0.345833132610655 * tokenDistanceToBorder (EV: 4.0)
                 Player B| Q = 0.32356166836265954 * activeTokens + 0.4703768603286629 * successfulTokens + 0.20606147130867772 * tokenDistanceToBorder (EV: 4.0)
                 Player C| Q = 0.22620582523055674 * activeTokens + 0.45798508472595645 * successfulTokens + 0.3158090900434869 * tokenDistanceToBorder (EV: 45.86666666666667)

 
          Game over. 
         Player A/ Team 2: 2
         Player B/ Team 0: 5 <--WINNER ON SERVER within 13 turns
         Player C/ Team 1: 4

 
--------------------------------------------------
--------------------------------------------------
Depth report.
     Team 2:
        Depth 7 was reached 12 times.
        Depth 9 was reached 0 times.
        Depth 10 was reached 1 times.
        Fallback choosing random token happened 0 times.
     Team 0:
        Depth 7 was reached 12 times.
        Depth 9 was reached 1 times.
        Depth 10 was reached 0 times.
        Fallback choosing random token happened 1 times.
     Team 1:
        Depth 7 was reached 7 times.
        Depth 9 was reached 6 times.
        Depth 10 was reached 0 times.
        Fallback choosing random token happened 0 times.
--------------------------------------------------
--------------------------------------------------

 
                  Evaluation. 
                 Player A| Q = 0.25727039857352463 * activeTokens + 0.39689646881582047 * successfulTokens + 0.345833132610655 * tokenDistanceToBorder (EV: 2.0)
                 Player B| Q = 0.32356166836265954 * activeTokens + 0.4703768603286629 * successfulTokens + 0.20606147130867772 * tokenDistanceToBorder (EV: 38.53333333333333)
                 Player C| Q = 0.22620582523055674 * activeTokens + 0.45798508472595645 * successfulTokens + 0.3158090900434869 * tokenDistanceToBorder (EV: 6.0)

 
          Game over. 
         Player A/ Team 1: 0
         Player B/ Team 2: 0
         Player C/ Team 0: 5 <--WINNER ON SERVER within 8 turns

 
--------------------------------------------------
--------------------------------------------------
Depth report.
     Team 1:
        Depth 7 was reached 6 times.
        Depth 9 was reached 1 times.
        Depth 10 was reached 1 times.
        Fallback choosing random token happened 0 times.
     Team 2:
        Depth 7 was reached 8 times.
        Depth 9 was reached 0 times.
        Depth 10 was reached 0 times.
        Fallback choosing random token happened 0 times.
     Team 0:
        Depth 7 was reached 8 times.
        Depth 9 was reached 1 times.
        Depth 10 was reached 0 times.
        Fallback choosing random token happened 0 times.
--------------------------------------------------
--------------------------------------------------

 
                  Evaluation. 
                 Player A| Q = 0.25727039857352463 * activeTokens + 0.39689646881582047 * successfulTokens + 0.345833132610655 * tokenDistanceToBorder (EV: 4.0)
                 Player B| Q = 0.32356166836265954 * activeTokens + 0.4703768603286629 * successfulTokens + 0.20606147130867772 * tokenDistanceToBorder (EV: 4.0)
                 Player C| Q = 0.22620582523055674 * activeTokens + 0.45798508472595645 * successfulTokens + 0.3158090900434869 * tokenDistanceToBorder (EV: 45.86666666666667)

 
          Game over. 
         Player A/ Team 0: 4
         Player B/ Team 1: 5 <--WINNER ON SERVER within 10 turns
         Player C/ Team 2: 0

 
--------------------------------------------------
--------------------------------------------------
Depth report.
     Team 0:
        Depth 7 was reached 9 times.
        Depth 9 was reached 1 times.
        Depth 10 was reached 0 times.
        Fallback choosing random token happened 0 times.
     Team 1:
        Depth 7 was reached 7 times.
        Depth 9 was reached 3 times.
        Depth 10 was reached 0 times.
        Fallback choosing random token happened 0 times.
     Team 2:
        Depth 7 was reached 6 times.
        Depth 9 was reached 2 times.
        Depth 10 was reached 1 times.
        Fallback choosing random token happened 0 times.
--------------------------------------------------
--------------------------------------------------

 
                  Evaluation. 
                 Player A| Q = 0.25727039857352463 * activeTokens + 0.39689646881582047 * successfulTokens + 0.345833132610655 * tokenDistanceToBorder (EV: 8.0)
                 Player B| Q = 0.32356166836265954 * activeTokens + 0.4703768603286629 * successfulTokens + 0.20606147130867772 * tokenDistanceToBorder (EV: 41.33333333333333)
                 Player C| Q = 0.22620582523055674 * activeTokens + 0.45798508472595645 * successfulTokens + 0.3158090900434869 * tokenDistanceToBorder (EV: 0.0)

 
          Game over. 
         Player A/ Team 0: 5 <--WINNER ON SERVER within 10 turns
         Player B/ Team 2: 0
         Player C/ Team 1: 2

 
--------------------------------------------------
--------------------------------------------------
Depth report.
     Team 0:
        Depth 7 was reached 9 times.
        Depth 9 was reached 1 times.
        Depth 10 was reached 0 times.
        Fallback choosing random token happened 0 times.
     Team 2:
        Depth 7 was reached 8 times.
        Depth 9 was reached 1 times.
        Depth 10 was reached 0 times.
        Fallback choosing random token happened 0 times.
     Team 1:
        Depth 7 was reached 5 times.
        Depth 9 was reached 3 times.
        Depth 10 was reached 1 times.
        Fallback choosing random token happened 0 times.
--------------------------------------------------
--------------------------------------------------

 
                  Evaluation. 
                 Player A| Q = 0.25727039857352463 * activeTokens + 0.39689646881582047 * successfulTokens + 0.345833132610655 * tokenDistanceToBorder (EV: 43.33333333333333)
                 Player B| Q = 0.32356166836265954 * activeTokens + 0.4703768603286629 * successfulTokens + 0.20606147130867772 * tokenDistanceToBorder (EV: 2.0)
                 Player C| Q = 0.22620582523055674 * activeTokens + 0.45798508472595645 * successfulTokens + 0.3158090900434869 * tokenDistanceToBorder (EV: 6.0)

 
Calculating medium parameter evaluation from 20 games played. 
[3.0, 2.0, 0.0, 8.0, 0.0, 4.0, 43.33333333333333, 8.0, 43.33333333333333, 0.0, 4.0, 3.0, 43.33333333333333, 2.0, 8.0, 4.0, 2.0, 4.0, 8.0, 43.33333333333333] ----> Writing medium:Q = 0.25727039857352463 * activeTokens + 0.39689646881582047 * successfulTokens + 0.345833132610655 * tokenDistanceToBorder (EV: 11.666666666666666)
[5.0, 6.0, 41.6, 41.33333333333333, 41.6, 4.0, 2.0, 41.33333333333333, 2.0, 41.6, 4.0, 5.0, 2.0, 43.33333333333333, 41.33333333333333, 4.0, 38.53333333333333, 4.0, 41.33333333333333, 2.0] ----> Writing medium:Q = 0.32356166836265954 * activeTokens + 0.4703768603286629 * successfulTokens + 0.20606147130867772 * tokenDistanceToBorder (EV: 20.599999999999998)
[44.33333333333333, 42.8, 8.0, 0.0, 8.0, 45.86666666666667, 6.0, 0.0, 6.0, 8.0, 45.86666666666667, 44.33333333333333, 6.0, 6.0, 0.0, 45.86666666666667, 6.0, 45.86666666666667, 0.0, 6.0] ----> Writing medium:Q = 0.22620582523055674 * activeTokens + 0.45798508472595645 * successfulTokens + 0.3158090900434869 * tokenDistanceToBorder (EV: 18.746666666666666)
