
 
----------------------------------------------------------------------
 Starting Generation (Number: 15).
 
Creating mutations. 
High Mutations: [0.0205, -0.0146, -0.0059][-0.02, 6.0E-4, 0.0194][0.0363, 0.0955, -0.1318]
Low_Mutations: [0.0, 0.0, 0.0][-0.04622, -0.0836, 0.12982][0.0615, -0.04332, -0.01818]
 
Recombination. 
Parent: Q = 0.2500225061315884 * activeTokens + 0.38627762662323656 * successfulTokens + 0.36369986724517517 * tokenDistanceToBorder (EV: 11.556666666666667)
Child: Q = 0.2908165369667593 * activeTokens + 0.32812427575453595 * successfulTokens + 0.38105918727870475 * tokenDistanceToBorder (EV: 0.0)
Child: Q = 0.3105966485519251 * activeTokens + 0.31403697677193015 * successfulTokens + 0.37536637467614486 * tokenDistanceToBorder (EV: 0.0)
Parent: Q = 0.28739891970186304 * activeTokens + 0.29628731967654826 * successfulTokens + 0.4163137606215887 * tokenDistanceToBorder (EV: 19.483333333333334)
Child: Q = 0.24621962196840025 * activeTokens + 0.24746001582673807 * successfulTokens + 0.5063203622048615 * tokenDistanceToBorder (EV: 0.0)
Child: Q = 0.2715188671275732 * activeTokens + 0.3287032058497115 * successfulTokens + 0.39977792702271525 * tokenDistanceToBorder (EV: 0.0)
Parent: Q = 0.3180677403803767 * activeTokens + 0.32550218235829304 * successfulTokens + 0.35643007726133014 * tokenDistanceToBorder (EV: 19.743333333333336)
Child: Q = 0.35015687172225646 * activeTokens + 0.2863255228828589 * successfulTokens + 0.36351760539488454 * tokenDistanceToBorder (EV: 0.0)
Child: Q = 0.3258418077248821 * activeTokens + 0.4202706492366495 * successfulTokens + 0.25388754303846844 * tokenDistanceToBorder (EV: 0.0)

 
          Game over. 
         Player A/ Team 0: 6 <--WINNER ON SERVER within 8 turns
         Player B/ Team 1: 1
         Player C/ Team 2: 0

 
--------------------------------------------------
--------------------------------------------------
Depth report.
     Team 0:
        Depth 7 was reached 6 times.
        Depth 9 was reached 2 times.
        Depth 10 was reached 0 times.
        Fallback choosing random token happened 0 times.
     Team 1:
        Depth 7 was reached 2 times.
        Depth 9 was reached 4 times.
        Depth 10 was reached 1 times.
        Fallback choosing random token happened 0 times.
     Team 2:
        Depth 7 was reached 4 times.
        Depth 9 was reached 2 times.
        Depth 10 was reached 1 times.
        Fallback choosing random token happened 0 times.
--------------------------------------------------
--------------------------------------------------

 
                  Evaluation. 
                 Player A| Q = 0.2500225061315884 * activeTokens + 0.38627762662323656 * successfulTokens + 0.36369986724517517 * tokenDistanceToBorder (EV: 44.86666666666667)
                 Player B| Q = 0.2908165369667593 * activeTokens + 0.32812427575453595 * successfulTokens + 0.38105918727870475 * tokenDistanceToBorder (EV: 5.0)
                 Player C| Q = 0.3105966485519251 * activeTokens + 0.31403697677193015 * successfulTokens + 0.37536637467614486 * tokenDistanceToBorder (EV: 3.0)

 
          Game over. 
         Player A/ Team 2: 0
         Player B/ Team 1: 0
         Player C/ Team 0: 5 <--WINNER ON SERVER within 8 turns

 
--------------------------------------------------
--------------------------------------------------
Depth report.
     Team 2:
        Depth 7 was reached 2 times.
        Depth 9 was reached 2 times.
        Depth 10 was reached 4 times.
        Fallback choosing random token happened 0 times.
     Team 1:
        Depth 7 was reached 3 times.
        Depth 9 was reached 3 times.
        Depth 10 was reached 2 times.
        Fallback choosing random token happened 0 times.
     Team 0:
        Depth 7 was reached 6 times.
        Depth 9 was reached 2 times.
        Depth 10 was reached 1 times.
        Fallback choosing random token happened 0 times.
--------------------------------------------------
--------------------------------------------------

 
                  Evaluation. 
                 Player A| Q = 0.2500225061315884 * activeTokens + 0.38627762662323656 * successfulTokens + 0.36369986724517517 * tokenDistanceToBorder (EV: 4.0)
                 Player B| Q = 0.2908165369667593 * activeTokens + 0.32812427575453595 * successfulTokens + 0.38105918727870475 * tokenDistanceToBorder (EV: 4.0)
                 Player C| Q = 0.3105966485519251 * activeTokens + 0.31403697677193015 * successfulTokens + 0.37536637467614486 * tokenDistanceToBorder (EV: 45.86666666666667)

 
          Game over. 
         Player A/ Team 2: 0
         Player B/ Team 1: 0
         Player C/ Team 0: 5 <--WINNER ON SERVER within 6 turns

 
--------------------------------------------------
--------------------------------------------------
Depth report.
     Team 2:
        Depth 7 was reached 3 times.
        Depth 9 was reached 2 times.
        Depth 10 was reached 1 times.
        Fallback choosing random token happened 0 times.
     Team 1:
        Depth 7 was reached 1 times.
        Depth 9 was reached 3 times.
        Depth 10 was reached 2 times.
        Fallback choosing random token happened 0 times.
     Team 0:
        Depth 7 was reached 6 times.
        Depth 9 was reached 1 times.
        Depth 10 was reached 0 times.
        Fallback choosing random token happened 0 times.
--------------------------------------------------
--------------------------------------------------

 
                  Evaluation. 
                 Player A| Q = 0.2500225061315884 * activeTokens + 0.38627762662323656 * successfulTokens + 0.36369986724517517 * tokenDistanceToBorder (EV: 4.0)
                 Player B| Q = 0.2908165369667593 * activeTokens + 0.32812427575453595 * successfulTokens + 0.38105918727870475 * tokenDistanceToBorder (EV: 4.0)
                 Player C| Q = 0.3105966485519251 * activeTokens + 0.31403697677193015 * successfulTokens + 0.37536637467614486 * tokenDistanceToBorder (EV: 46.4)

 
          Game over. 
         Player A/ Team 0: 4
         Player B/ Team 1: 5 <--WINNER ON SERVER within 10 turns
         Player C/ Team 2: 0

 
--------------------------------------------------
--------------------------------------------------
Depth report.
     Team 0:
        Depth 7 was reached 5 times.
        Depth 9 was reached 5 times.
        Depth 10 was reached 0 times.
        Fallback choosing random token happened 0 times.
     Team 1:
        Depth 7 was reached 3 times.
        Depth 9 was reached 5 times.
        Depth 10 was reached 2 times.
        Fallback choosing random token happened 0 times.
     Team 2:
        Depth 7 was reached 3 times.
        Depth 9 was reached 1 times.
        Depth 10 was reached 5 times.
        Fallback choosing random token happened 0 times.
--------------------------------------------------
--------------------------------------------------

 
                  Evaluation. 
                 Player A| Q = 0.2500225061315884 * activeTokens + 0.38627762662323656 * successfulTokens + 0.36369986724517517 * tokenDistanceToBorder (EV: 8.0)
                 Player B| Q = 0.2908165369667593 * activeTokens + 0.32812427575453595 * successfulTokens + 0.38105918727870475 * tokenDistanceToBorder (EV: 41.33333333333333)
                 Player C| Q = 0.3105966485519251 * activeTokens + 0.31403697677193015 * successfulTokens + 0.37536637467614486 * tokenDistanceToBorder (EV: 0.0)

 
          Game over. 
         Player A/ Team 2: 0
         Player B/ Team 1: 0
         Player C/ Team 0: 6 <--WINNER ON SERVER within 8 turns

 
--------------------------------------------------
--------------------------------------------------
Depth report.
     Team 2:
        Depth 7 was reached 4 times.
        Depth 9 was reached 0 times.
        Depth 10 was reached 4 times.
        Fallback choosing random token happened 0 times.
     Team 1:
        Depth 7 was reached 2 times.
        Depth 9 was reached 3 times.
        Depth 10 was reached 3 times.
        Fallback choosing random token happened 0 times.
     Team 0:
        Depth 7 was reached 5 times.
        Depth 9 was reached 2 times.
        Depth 10 was reached 2 times.
        Fallback choosing random token happened 0 times.
--------------------------------------------------
--------------------------------------------------

 
                  Evaluation. 
                 Player A| Q = 0.2500225061315884 * activeTokens + 0.38627762662323656 * successfulTokens + 0.36369986724517517 * tokenDistanceToBorder (EV: 4.0)
                 Player B| Q = 0.2908165369667593 * activeTokens + 0.32812427575453595 * successfulTokens + 0.38105918727870475 * tokenDistanceToBorder (EV: 4.0)
                 Player C| Q = 0.3105966485519251 * activeTokens + 0.31403697677193015 * successfulTokens + 0.37536637467614486 * tokenDistanceToBorder (EV: 45.86666666666667)

 
!!!!!!!!!!!!!!!!!!!!!!!!!!!ERROR DETECTED!!!!!!!!!!!!!!!!!!!!!!!!!. 


You got kicked because your move was invalid!



 
INFO: Team 2 lost prematurely (probably because it had no more tokens to play). 


 
          Game over. 
         Player A/ Team 0: 6 <--WINNER ON SERVER within 21 turns
         Player B/ Team 2: 4
         Player C/ Team 1: 4

 
--------------------------------------------------
--------------------------------------------------
Depth report.
     Team 0:
        Depth 7 was reached 7 times.
        Depth 9 was reached 2 times.
        Depth 10 was reached 12 times.
        Fallback choosing random token happened 0 times.
     Team 2:
        Depth 7 was reached 2 times.
        Depth 9 was reached 2 times.
        Depth 10 was reached 10 times.
        Fallback choosing random token happened 0 times.
     Team 1:
        Depth 7 was reached 3 times.
        Depth 9 was reached 4 times.
        Depth 10 was reached 13 times.
        Fallback choosing random token happened 0 times.
--------------------------------------------------
--------------------------------------------------

 
                  Evaluation. 
                 Player A| Q = 0.2500225061315884 * activeTokens + 0.38627762662323656 * successfulTokens + 0.36369986724517517 * tokenDistanceToBorder (EV: 36.0)
                 Player B| Q = 0.2908165369667593 * activeTokens + 0.32812427575453595 * successfulTokens + 0.38105918727870475 * tokenDistanceToBorder (EV: 0.0)
                 Player C| Q = 0.3105966485519251 * activeTokens + 0.31403697677193015 * successfulTokens + 0.37536637467614486 * tokenDistanceToBorder (EV: 4.0)

 
          Game over. 
         Player A/ Team 1: 0
         Player B/ Team 0: 5 <--WINNER ON SERVER within 8 turns
         Player C/ Team 2: 0

 
--------------------------------------------------
--------------------------------------------------
Depth report.
     Team 1:
        Depth 7 was reached 3 times.
        Depth 9 was reached 3 times.
        Depth 10 was reached 2 times.
        Fallback choosing random token happened 0 times.
     Team 0:
        Depth 7 was reached 6 times.
        Depth 9 was reached 2 times.
        Depth 10 was reached 1 times.
        Fallback choosing random token happened 0 times.
     Team 2:
        Depth 7 was reached 2 times.
        Depth 9 was reached 3 times.
        Depth 10 was reached 3 times.
        Fallback choosing random token happened 0 times.
--------------------------------------------------
--------------------------------------------------

 
                  Evaluation. 
                 Player A| Q = 0.2500225061315884 * activeTokens + 0.38627762662323656 * successfulTokens + 0.36369986724517517 * tokenDistanceToBorder (EV: 4.0)
                 Player B| Q = 0.2908165369667593 * activeTokens + 0.32812427575453595 * successfulTokens + 0.38105918727870475 * tokenDistanceToBorder (EV: 45.86666666666667)
                 Player C| Q = 0.3105966485519251 * activeTokens + 0.31403697677193015 * successfulTokens + 0.37536637467614486 * tokenDistanceToBorder (EV: 4.0)

 
          Game over. 
         Player A/ Team 1: 0
         Player B/ Team 0: 5 <--WINNER ON SERVER within 9 turns
         Player C/ Team 2: 0

 
--------------------------------------------------
--------------------------------------------------
Depth report.
     Team 1:
        Depth 7 was reached 6 times.
        Depth 9 was reached 3 times.
        Depth 10 was reached 0 times.
        Fallback choosing random token happened 0 times.
     Team 0:
        Depth 7 was reached 9 times.
        Depth 9 was reached 1 times.
        Depth 10 was reached 0 times.
        Fallback choosing random token happened 0 times.
     Team 2:
        Depth 7 was reached 6 times.
        Depth 9 was reached 2 times.
        Depth 10 was reached 1 times.
        Fallback choosing random token happened 0 times.
--------------------------------------------------
--------------------------------------------------

 
                  Evaluation. 
                 Player A| Q = 0.2500225061315884 * activeTokens + 0.38627762662323656 * successfulTokens + 0.36369986724517517 * tokenDistanceToBorder (EV: 4.0)
                 Player B| Q = 0.2908165369667593 * activeTokens + 0.32812427575453595 * successfulTokens + 0.38105918727870475 * tokenDistanceToBorder (EV: 45.6)
                 Player C| Q = 0.3105966485519251 * activeTokens + 0.31403697677193015 * successfulTokens + 0.37536637467614486 * tokenDistanceToBorder (EV: 4.0)

 
          Game over. 
         Player A/ Team 2: 0
         Player B/ Team 1: 0
         Player C/ Team 0: 5 <--WINNER ON SERVER within 8 turns

 
--------------------------------------------------
--------------------------------------------------
Depth report.
     Team 2:
        Depth 7 was reached 2 times.
        Depth 9 was reached 2 times.
        Depth 10 was reached 4 times.
        Fallback choosing random token happened 0 times.
     Team 1:
        Depth 7 was reached 3 times.
        Depth 9 was reached 3 times.
        Depth 10 was reached 2 times.
        Fallback choosing random token happened 0 times.
     Team 0:
        Depth 7 was reached 6 times.
        Depth 9 was reached 2 times.
        Depth 10 was reached 1 times.
        Fallback choosing random token happened 0 times.
--------------------------------------------------
--------------------------------------------------

 
                  Evaluation. 
                 Player A| Q = 0.2500225061315884 * activeTokens + 0.38627762662323656 * successfulTokens + 0.36369986724517517 * tokenDistanceToBorder (EV: 4.0)
                 Player B| Q = 0.2908165369667593 * activeTokens + 0.32812427575453595 * successfulTokens + 0.38105918727870475 * tokenDistanceToBorder (EV: 4.0)
                 Player C| Q = 0.3105966485519251 * activeTokens + 0.31403697677193015 * successfulTokens + 0.37536637467614486 * tokenDistanceToBorder (EV: 45.86666666666667)

 
          Game over. 
         Player A/ Team 2: 0
         Player B/ Team 0: 5 <--WINNER ON SERVER within 8 turns
         Player C/ Team 1: 0

 
--------------------------------------------------
--------------------------------------------------
Depth report.
     Team 2:
        Depth 7 was reached 2 times.
        Depth 9 was reached 2 times.
        Depth 10 was reached 4 times.
        Fallback choosing random token happened 0 times.
     Team 0:
        Depth 7 was reached 6 times.
        Depth 9 was reached 2 times.
        Depth 10 was reached 1 times.
        Fallback choosing random token happened 0 times.
     Team 1:
        Depth 7 was reached 3 times.
        Depth 9 was reached 3 times.
        Depth 10 was reached 2 times.
        Fallback choosing random token happened 0 times.
--------------------------------------------------
--------------------------------------------------

 
                  Evaluation. 
                 Player A| Q = 0.2500225061315884 * activeTokens + 0.38627762662323656 * successfulTokens + 0.36369986724517517 * tokenDistanceToBorder (EV: 4.0)
                 Player B| Q = 0.2908165369667593 * activeTokens + 0.32812427575453595 * successfulTokens + 0.38105918727870475 * tokenDistanceToBorder (EV: 45.86666666666667)
                 Player C| Q = 0.3105966485519251 * activeTokens + 0.31403697677193015 * successfulTokens + 0.37536637467614486 * tokenDistanceToBorder (EV: 4.0)

 
          Game over. 
         Player A/ Team 1: 0
         Player B/ Team 0: 5 <--WINNER ON SERVER within 6 turns
         Player C/ Team 2: 0

 
--------------------------------------------------
--------------------------------------------------
Depth report.
     Team 1:
        Depth 7 was reached 1 times.
        Depth 9 was reached 3 times.
        Depth 10 was reached 2 times.
        Fallback choosing random token happened 0 times.
     Team 0:
        Depth 7 was reached 6 times.
        Depth 9 was reached 1 times.
        Depth 10 was reached 0 times.
        Fallback choosing random token happened 0 times.
     Team 2:
        Depth 7 was reached 4 times.
        Depth 9 was reached 1 times.
        Depth 10 was reached 1 times.
        Fallback choosing random token happened 0 times.
--------------------------------------------------
--------------------------------------------------

 
                  Evaluation. 
                 Player A| Q = 0.2500225061315884 * activeTokens + 0.38627762662323656 * successfulTokens + 0.36369986724517517 * tokenDistanceToBorder (EV: 4.0)
                 Player B| Q = 0.2908165369667593 * activeTokens + 0.32812427575453595 * successfulTokens + 0.38105918727870475 * tokenDistanceToBorder (EV: 46.4)
                 Player C| Q = 0.3105966485519251 * activeTokens + 0.31403697677193015 * successfulTokens + 0.37536637467614486 * tokenDistanceToBorder (EV: 4.0)

 
          Game over. 
         Player A/ Team 1: 0
         Player B/ Team 2: 0
         Player C/ Team 0: 5 <--WINNER ON SERVER within 6 turns

 
--------------------------------------------------
--------------------------------------------------
Depth report.
     Team 1:
        Depth 7 was reached 1 times.
        Depth 9 was reached 3 times.
        Depth 10 was reached 2 times.
        Fallback choosing random token happened 0 times.
     Team 2:
        Depth 7 was reached 3 times.
        Depth 9 was reached 2 times.
        Depth 10 was reached 1 times.
        Fallback choosing random token happened 0 times.
     Team 0:
        Depth 7 was reached 6 times.
        Depth 9 was reached 1 times.
        Depth 10 was reached 0 times.
        Fallback choosing random token happened 0 times.
--------------------------------------------------
--------------------------------------------------

 
                  Evaluation. 
                 Player A| Q = 0.2500225061315884 * activeTokens + 0.38627762662323656 * successfulTokens + 0.36369986724517517 * tokenDistanceToBorder (EV: 4.0)
                 Player B| Q = 0.2908165369667593 * activeTokens + 0.32812427575453595 * successfulTokens + 0.38105918727870475 * tokenDistanceToBorder (EV: 4.0)
                 Player C| Q = 0.3105966485519251 * activeTokens + 0.31403697677193015 * successfulTokens + 0.37536637467614486 * tokenDistanceToBorder (EV: 46.4)

 
          Game over. 
         Player A/ Team 1: 0
         Player B/ Team 0: 5 <--WINNER ON SERVER within 9 turns
         Player C/ Team 2: 0

 
--------------------------------------------------
--------------------------------------------------
Depth report.
     Team 1:
        Depth 7 was reached 6 times.
        Depth 9 was reached 3 times.
        Depth 10 was reached 0 times.
        Fallback choosing random token happened 0 times.
     Team 0:
        Depth 7 was reached 9 times.
        Depth 9 was reached 1 times.
        Depth 10 was reached 0 times.
        Fallback choosing random token happened 0 times.
     Team 2:
        Depth 7 was reached 6 times.
        Depth 9 was reached 2 times.
        Depth 10 was reached 1 times.
        Fallback choosing random token happened 0 times.
--------------------------------------------------
--------------------------------------------------

 
                  Evaluation. 
                 Player A| Q = 0.2500225061315884 * activeTokens + 0.38627762662323656 * successfulTokens + 0.36369986724517517 * tokenDistanceToBorder (EV: 4.0)
                 Player B| Q = 0.2908165369667593 * activeTokens + 0.32812427575453595 * successfulTokens + 0.38105918727870475 * tokenDistanceToBorder (EV: 45.6)
                 Player C| Q = 0.3105966485519251 * activeTokens + 0.31403697677193015 * successfulTokens + 0.37536637467614486 * tokenDistanceToBorder (EV: 4.0)

 
          Game over. 
         Player A/ Team 1: 0
         Player B/ Team 2: 0
         Player C/ Team 0: 5 <--WINNER ON SERVER within 7 turns

 
--------------------------------------------------
--------------------------------------------------
Depth report.
     Team 1:
        Depth 7 was reached 2 times.
        Depth 9 was reached 1 times.
        Depth 10 was reached 4 times.
        Fallback choosing random token happened 0 times.
     Team 2:
        Depth 7 was reached 1 times.
        Depth 9 was reached 3 times.
        Depth 10 was reached 3 times.
        Fallback choosing random token happened 0 times.
     Team 0:
        Depth 7 was reached 4 times.
        Depth 9 was reached 2 times.
        Depth 10 was reached 2 times.
        Fallback choosing random token happened 0 times.
--------------------------------------------------
--------------------------------------------------

 
                  Evaluation. 
                 Player A| Q = 0.2500225061315884 * activeTokens + 0.38627762662323656 * successfulTokens + 0.36369986724517517 * tokenDistanceToBorder (EV: 4.0)
                 Player B| Q = 0.2908165369667593 * activeTokens + 0.32812427575453595 * successfulTokens + 0.38105918727870475 * tokenDistanceToBorder (EV: 4.0)
                 Player C| Q = 0.3105966485519251 * activeTokens + 0.31403697677193015 * successfulTokens + 0.37536637467614486 * tokenDistanceToBorder (EV: 46.13333333333333)

 
          Game over. 
         Player A/ Team 1: 0
         Player B/ Team 0: 5 <--WINNER ON SERVER within 6 turns
         Player C/ Team 2: 0

 
--------------------------------------------------
--------------------------------------------------
Depth report.
     Team 1:
        Depth 7 was reached 1 times.
        Depth 9 was reached 3 times.
        Depth 10 was reached 2 times.
        Fallback choosing random token happened 0 times.
     Team 0:
        Depth 7 was reached 6 times.
        Depth 9 was reached 1 times.
        Depth 10 was reached 0 times.
        Fallback choosing random token happened 0 times.
     Team 2:
        Depth 7 was reached 3 times.
        Depth 9 was reached 2 times.
        Depth 10 was reached 1 times.
        Fallback choosing random token happened 0 times.
--------------------------------------------------
--------------------------------------------------

 
                  Evaluation. 
                 Player A| Q = 0.2500225061315884 * activeTokens + 0.38627762662323656 * successfulTokens + 0.36369986724517517 * tokenDistanceToBorder (EV: 4.0)
                 Player B| Q = 0.2908165369667593 * activeTokens + 0.32812427575453595 * successfulTokens + 0.38105918727870475 * tokenDistanceToBorder (EV: 46.4)
                 Player C| Q = 0.3105966485519251 * activeTokens + 0.31403697677193015 * successfulTokens + 0.37536637467614486 * tokenDistanceToBorder (EV: 4.0)

 
          Game over. 
         Player A/ Team 1: 0
         Player B/ Team 2: 0
         Player C/ Team 0: 5 <--WINNER ON SERVER within 6 turns

 
--------------------------------------------------
--------------------------------------------------
Depth report.
     Team 1:
        Depth 7 was reached 1 times.
        Depth 9 was reached 3 times.
        Depth 10 was reached 2 times.
        Fallback choosing random token happened 0 times.
     Team 2:
        Depth 7 was reached 3 times.
        Depth 9 was reached 2 times.
        Depth 10 was reached 1 times.
        Fallback choosing random token happened 0 times.
     Team 0:
        Depth 7 was reached 6 times.
        Depth 9 was reached 1 times.
        Depth 10 was reached 0 times.
        Fallback choosing random token happened 0 times.
--------------------------------------------------
--------------------------------------------------

 
                  Evaluation. 
                 Player A| Q = 0.2500225061315884 * activeTokens + 0.38627762662323656 * successfulTokens + 0.36369986724517517 * tokenDistanceToBorder (EV: 4.0)
                 Player B| Q = 0.2908165369667593 * activeTokens + 0.32812427575453595 * successfulTokens + 0.38105918727870475 * tokenDistanceToBorder (EV: 4.0)
                 Player C| Q = 0.3105966485519251 * activeTokens + 0.31403697677193015 * successfulTokens + 0.37536637467614486 * tokenDistanceToBorder (EV: 46.4)

 
          Game over. 
         Player A/ Team 2: 0
         Player B/ Team 0: 5 <--WINNER ON SERVER within 7 turns
         Player C/ Team 1: 0

 
--------------------------------------------------
--------------------------------------------------
Depth report.
     Team 2:
        Depth 7 was reached 1 times.
        Depth 9 was reached 2 times.
        Depth 10 was reached 4 times.
        Fallback choosing random token happened 0 times.
     Team 0:
        Depth 7 was reached 3 times.
        Depth 9 was reached 3 times.
        Depth 10 was reached 2 times.
        Fallback choosing random token happened 0 times.
     Team 1:
        Depth 7 was reached 2 times.
        Depth 9 was reached 1 times.
        Depth 10 was reached 4 times.
        Fallback choosing random token happened 0 times.
--------------------------------------------------
--------------------------------------------------

 
                  Evaluation. 
                 Player A| Q = 0.2500225061315884 * activeTokens + 0.38627762662323656 * successfulTokens + 0.36369986724517517 * tokenDistanceToBorder (EV: 4.0)
                 Player B| Q = 0.2908165369667593 * activeTokens + 0.32812427575453595 * successfulTokens + 0.38105918727870475 * tokenDistanceToBorder (EV: 46.13333333333333)
                 Player C| Q = 0.3105966485519251 * activeTokens + 0.31403697677193015 * successfulTokens + 0.37536637467614486 * tokenDistanceToBorder (EV: 4.0)

 
          Game over. 
         Player A/ Team 1: 1
         Player B/ Team 2: 1
         Player C/ Team 0: 5 <--WINNER ON SERVER within 7 turns

 
--------------------------------------------------
--------------------------------------------------
Depth report.
     Team 1:
        Depth 7 was reached 2 times.
        Depth 9 was reached 2 times.
        Depth 10 was reached 3 times.
        Fallback choosing random token happened 0 times.
     Team 2:
        Depth 7 was reached 3 times.
        Depth 9 was reached 0 times.
        Depth 10 was reached 4 times.
        Fallback choosing random token happened 0 times.
     Team 0:
        Depth 7 was reached 3 times.
        Depth 9 was reached 3 times.
        Depth 10 was reached 2 times.
        Fallback choosing random token happened 0 times.
--------------------------------------------------
--------------------------------------------------

 
                  Evaluation. 
                 Player A| Q = 0.2500225061315884 * activeTokens + 0.38627762662323656 * successfulTokens + 0.36369986724517517 * tokenDistanceToBorder (EV: 4.0)
                 Player B| Q = 0.2908165369667593 * activeTokens + 0.32812427575453595 * successfulTokens + 0.38105918727870475 * tokenDistanceToBorder (EV: 4.0)
                 Player C| Q = 0.3105966485519251 * activeTokens + 0.31403697677193015 * successfulTokens + 0.37536637467614486 * tokenDistanceToBorder (EV: 44.13333333333333)

 
!!!!!!!!!!!!!!!!!!!!!!!!!!!ERROR DETECTED!!!!!!!!!!!!!!!!!!!!!!!!!. 


You got kicked because your move was invalid!



 
INFO: Team 2 lost prematurely (probably because it had no more tokens to play). 


 
          Game over. 
         Player A/ Team 0: 6 <--WINNER ON SERVER within 21 turns
         Player B/ Team 2: 4
         Player C/ Team 1: 4

 
--------------------------------------------------
--------------------------------------------------
Depth report.
     Team 0:
        Depth 7 was reached 7 times.
        Depth 9 was reached 2 times.
        Depth 10 was reached 12 times.
        Fallback choosing random token happened 0 times.
     Team 2:
        Depth 7 was reached 2 times.
        Depth 9 was reached 2 times.
        Depth 10 was reached 10 times.
        Fallback choosing random token happened 0 times.
     Team 1:
        Depth 7 was reached 3 times.
        Depth 9 was reached 4 times.
        Depth 10 was reached 13 times.
        Fallback choosing random token happened 0 times.
--------------------------------------------------
--------------------------------------------------

 
                  Evaluation. 
                 Player A| Q = 0.2500225061315884 * activeTokens + 0.38627762662323656 * successfulTokens + 0.36369986724517517 * tokenDistanceToBorder (EV: 36.0)
                 Player B| Q = 0.2908165369667593 * activeTokens + 0.32812427575453595 * successfulTokens + 0.38105918727870475 * tokenDistanceToBorder (EV: 0.0)
                 Player C| Q = 0.3105966485519251 * activeTokens + 0.31403697677193015 * successfulTokens + 0.37536637467614486 * tokenDistanceToBorder (EV: 4.0)

 
          Game over. 
         Player A/ Team 0: 6 <--WINNER ON SERVER within 8 turns
         Player B/ Team 1: 1
         Player C/ Team 2: 0

 
--------------------------------------------------
--------------------------------------------------
Depth report.
     Team 0:
        Depth 7 was reached 6 times.
        Depth 9 was reached 2 times.
        Depth 10 was reached 0 times.
        Fallback choosing random token happened 0 times.
     Team 1:
        Depth 7 was reached 2 times.
        Depth 9 was reached 4 times.
        Depth 10 was reached 1 times.
        Fallback choosing random token happened 0 times.
     Team 2:
        Depth 7 was reached 4 times.
        Depth 9 was reached 2 times.
        Depth 10 was reached 1 times.
        Fallback choosing random token happened 0 times.
--------------------------------------------------
--------------------------------------------------

 
                  Evaluation. 
                 Player A| Q = 0.2500225061315884 * activeTokens + 0.38627762662323656 * successfulTokens + 0.36369986724517517 * tokenDistanceToBorder (EV: 44.86666666666667)
                 Player B| Q = 0.2908165369667593 * activeTokens + 0.32812427575453595 * successfulTokens + 0.38105918727870475 * tokenDistanceToBorder (EV: 5.0)
                 Player C| Q = 0.3105966485519251 * activeTokens + 0.31403697677193015 * successfulTokens + 0.37536637467614486 * tokenDistanceToBorder (EV: 3.0)

 
Calculating medium parameter evaluation from 20 games played. 
[44.86666666666667, 4.0, 4.0, 8.0, 4.0, 36.0, 4.0, 4.0, 4.0, 4.0, 4.0, 4.0, 4.0, 4.0, 4.0, 4.0, 4.0, 4.0, 36.0, 44.86666666666667] ----> Writing medium:Q = 0.2500225061315884 * activeTokens + 0.38627762662323656 * successfulTokens + 0.36369986724517517 * tokenDistanceToBorder (EV: 11.486666666666668)
[5.0, 4.0, 4.0, 41.33333333333333, 4.0, 0.0, 45.86666666666667, 45.6, 4.0, 45.86666666666667, 46.4, 4.0, 45.6, 4.0, 46.4, 4.0, 46.13333333333333, 4.0, 0.0, 5.0] ----> Writing medium:Q = 0.2908165369667593 * activeTokens + 0.32812427575453595 * successfulTokens + 0.38105918727870475 * tokenDistanceToBorder (EV: 20.259999999999998)
[3.0, 45.86666666666667, 46.4, 0.0, 45.86666666666667, 4.0, 4.0, 4.0, 45.86666666666667, 4.0, 4.0, 46.4, 4.0, 46.13333333333333, 4.0, 46.4, 4.0, 44.13333333333333, 4.0, 3.0] ----> Writing medium:Q = 0.3105966485519251 * activeTokens + 0.31403697677193015 * successfulTokens + 0.37536637467614486 * tokenDistanceToBorder (EV: 20.45333333333333)

 
          Game over. 
         Player A/ Team 2: 0
         Player B/ Team 0: 6 <--WINNER ON SERVER within 7 turns
         Player C/ Team 1: 1

 
--------------------------------------------------
--------------------------------------------------
Depth report.
     Team 2:
        Depth 7 was reached 4 times.
        Depth 9 was reached 2 times.
        Depth 10 was reached 1 times.
        Fallback choosing random token happened 0 times.
     Team 0:
        Depth 7 was reached 6 times.
        Depth 9 was reached 2 times.
        Depth 10 was reached 0 times.
        Fallback choosing random token happened 0 times.
     Team 1:
        Depth 7 was reached 2 times.
        Depth 9 was reached 4 times.
        Depth 10 was reached 1 times.
        Fallback choosing random token happened 0 times.
--------------------------------------------------
--------------------------------------------------

 
                  Evaluation. 
                 Player A| Q = 0.28739891970186304 * activeTokens + 0.29628731967654826 * successfulTokens + 0.4163137606215887 * tokenDistanceToBorder (EV: 3.0)
                 Player B| Q = 0.24621962196840025 * activeTokens + 0.24746001582673807 * successfulTokens + 0.5063203622048615 * tokenDistanceToBorder (EV: 45.13333333333333)
                 Player C| Q = 0.2715188671275732 * activeTokens + 0.3287032058497115 * successfulTokens + 0.39977792702271525 * tokenDistanceToBorder (EV: 5.0)

 
          Game over. 
         Player A/ Team 2: 0
         Player B/ Team 0: 6 <--WINNER ON SERVER within 8 turns
         Player C/ Team 1: 1

 
--------------------------------------------------
--------------------------------------------------
Depth report.
     Team 2:
        Depth 7 was reached 3 times.
        Depth 9 was reached 1 times.
        Depth 10 was reached 4 times.
        Fallback choosing random token happened 0 times.
     Team 0:
        Depth 7 was reached 6 times.
        Depth 9 was reached 2 times.
        Depth 10 was reached 1 times.
        Fallback choosing random token happened 0 times.
     Team 1:
        Depth 7 was reached 3 times.
        Depth 9 was reached 3 times.
        Depth 10 was reached 2 times.
        Fallback choosing random token happened 0 times.
--------------------------------------------------
--------------------------------------------------

 
                  Evaluation. 
                 Player A| Q = 0.28739891970186304 * activeTokens + 0.29628731967654826 * successfulTokens + 0.4163137606215887 * tokenDistanceToBorder (EV: 3.0)
                 Player B| Q = 0.24621962196840025 * activeTokens + 0.24746001582673807 * successfulTokens + 0.5063203622048615 * tokenDistanceToBorder (EV: 44.86666666666667)
                 Player C| Q = 0.2715188671275732 * activeTokens + 0.3287032058497115 * successfulTokens + 0.39977792702271525 * tokenDistanceToBorder (EV: 5.0)

 
!!!!!!!!!!!!!!!!!!!!!!!!!!!ERROR DETECTED!!!!!!!!!!!!!!!!!!!!!!!!!. 


You got kicked because your move was invalid!



 
INFO: Team 2 lost prematurely (probably because it had no more tokens to play). 


 
          Game over. 
         Player A/ Team 2: 2
         Player B/ Team 1: 2
         Player C/ Team 0: 5 <--WINNER ON SERVER within 11 turns

 
--------------------------------------------------
--------------------------------------------------
Depth report.
     Team 2:
        Depth 7 was reached 2 times.
        Depth 9 was reached 0 times.
        Depth 10 was reached 8 times.
        Fallback choosing random token happened 0 times.
     Team 1:
        Depth 7 was reached 2 times.
        Depth 9 was reached 2 times.
        Depth 10 was reached 10 times.
        Fallback choosing random token happened 0 times.
     Team 0:
        Depth 7 was reached 4 times.
        Depth 9 was reached 2 times.
        Depth 10 was reached 9 times.
        Fallback choosing random token happened 0 times.
--------------------------------------------------
--------------------------------------------------

 
                  Evaluation. 
                 Player A| Q = 0.28739891970186304 * activeTokens + 0.29628731967654826 * successfulTokens + 0.4163137606215887 * tokenDistanceToBorder (EV: 2.0)
                 Player B| Q = 0.24621962196840025 * activeTokens + 0.24746001582673807 * successfulTokens + 0.5063203622048615 * tokenDistanceToBorder (EV: 4.0)
                 Player C| Q = 0.2715188671275732 * activeTokens + 0.3287032058497115 * successfulTokens + 0.39977792702271525 * tokenDistanceToBorder (EV: 41.06666666666666)

 
          Game over. 
         Player A/ Team 1: 0
         Player B/ Team 2: 0
         Player C/ Team 0: 5 <--WINNER ON SERVER within 10 turns

 
--------------------------------------------------
--------------------------------------------------
Depth report.
     Team 1:
        Depth 7 was reached 6 times.
        Depth 9 was reached 2 times.
        Depth 10 was reached 2 times.
        Fallback choosing random token happened 0 times.
     Team 2:
        Depth 7 was reached 7 times.
        Depth 9 was reached 1 times.
        Depth 10 was reached 2 times.
        Fallback choosing random token happened 0 times.
     Team 0:
        Depth 7 was reached 9 times.
        Depth 9 was reached 2 times.
        Depth 10 was reached 0 times.
        Fallback choosing random token happened 0 times.
--------------------------------------------------
--------------------------------------------------

 
                  Evaluation. 
                 Player A| Q = 0.28739891970186304 * activeTokens + 0.29628731967654826 * successfulTokens + 0.4163137606215887 * tokenDistanceToBorder (EV: 4.0)
                 Player B| Q = 0.24621962196840025 * activeTokens + 0.24746001582673807 * successfulTokens + 0.5063203622048615 * tokenDistanceToBorder (EV: 4.0)
                 Player C| Q = 0.2715188671275732 * activeTokens + 0.3287032058497115 * successfulTokens + 0.39977792702271525 * tokenDistanceToBorder (EV: 45.33333333333333)

 
          Game over. 
         Player A/ Team 2: 0
         Player B/ Team 0: 6 <--WINNER ON SERVER within 7 turns
         Player C/ Team 1: 1

 
--------------------------------------------------
--------------------------------------------------
Depth report.
     Team 2:
        Depth 7 was reached 4 times.
        Depth 9 was reached 2 times.
        Depth 10 was reached 1 times.
        Fallback choosing random token happened 0 times.
     Team 0:
        Depth 7 was reached 6 times.
        Depth 9 was reached 2 times.
        Depth 10 was reached 0 times.
        Fallback choosing random token happened 0 times.
     Team 1:
        Depth 7 was reached 2 times.
        Depth 9 was reached 4 times.
        Depth 10 was reached 1 times.
        Fallback choosing random token happened 0 times.
--------------------------------------------------
--------------------------------------------------

 
                  Evaluation. 
                 Player A| Q = 0.28739891970186304 * activeTokens + 0.29628731967654826 * successfulTokens + 0.4163137606215887 * tokenDistanceToBorder (EV: 3.0)
                 Player B| Q = 0.24621962196840025 * activeTokens + 0.24746001582673807 * successfulTokens + 0.5063203622048615 * tokenDistanceToBorder (EV: 45.13333333333333)
                 Player C| Q = 0.2715188671275732 * activeTokens + 0.3287032058497115 * successfulTokens + 0.39977792702271525 * tokenDistanceToBorder (EV: 5.0)

 
          Game over. 
         Player A/ Team 0: 4
         Player B/ Team 1: 5 <--WINNER ON SERVER within 13 turns
         Player C/ Team 2: 1

 
--------------------------------------------------
--------------------------------------------------
Depth report.
     Team 0:
        Depth 7 was reached 10 times.
        Depth 9 was reached 2 times.
        Depth 10 was reached 1 times.
        Fallback choosing random token happened 0 times.
     Team 1:
        Depth 7 was reached 3 times.
        Depth 9 was reached 7 times.
        Depth 10 was reached 3 times.
