
 
----------------------------------------------------------------------
 Starting Generation (Number: 12).
 
Creating mutations. 
High Mutations: [-0.0015, -0.0412, 0.0427][0.0847, -0.0687, -0.016][-0.0746, -0.0096, 0.0842]
Low_Mutations: [0.0, 0.0, 0.0][-0.01132, 0.03212, -0.0208][0.09956, -0.06504, -0.03452]
 
Recombination. 
Parent: Q = 0.292187390678296 * activeTokens + 0.3828108073881861 * successfulTokens + 0.32500180193351796 * tokenDistanceToBorder (EV: 8.743333333333334)
Child: Q = 0.31444384136207043 * activeTokens + 0.38412202757461966 * successfulTokens + 0.3014341310633099 * tokenDistanceToBorder (EV: 0.0)
Child: Q = 0.313014883859199 * activeTokens + 0.3448733281624178 * successfulTokens + 0.3421117879783832 * tokenDistanceToBorder (EV: 0.0)
Parent: Q = 0.33698656678540206 * activeTokens + 0.34950107515337664 * successfulTokens + 0.3135123580612213 * tokenDistanceToBorder (EV: 17.869999999999997)
Child: Q = 0.3036599754070674 * activeTokens + 0.41472077090277315 * successfulTokens + 0.28161925369015944 * tokenDistanceToBorder (EV: 0.0)
Child: Q = 0.3951323083575437 * activeTokens + 0.3186757739431083 * successfulTokens + 0.286191917699348 * tokenDistanceToBorder (EV: 0.0)
Parent: Q = 0.3052795636958037 * activeTokens + 0.4118530318989997 * successfulTokens + 0.2828674044051966 * tokenDistanceToBorder (EV: 22.723333333333336)
Child: Q = 0.4092885140193233 * activeTokens + 0.32216243025011454 * successfulTokens + 0.26854905573056215 * tokenDistanceToBorder (EV: 0.0)
Child: Q = 0.2433770215525981 * activeTokens + 0.3749766995562425 * successfulTokens + 0.3816462788911594 * tokenDistanceToBorder (EV: 0.0)

 
          Game over. 
         Player A/ Team 1: 5 <--WINNER ON SERVER within 10 turns
         Player B/ Team 2: 0
         Player C/ Team 0: 4

 
--------------------------------------------------
--------------------------------------------------
Depth report.
     Team 1:
        Depth 7 was reached 5 times.
        Depth 9 was reached 3 times.
        Depth 10 was reached 2 times.
        Fallback choosing random token happened 0 times.
     Team 2:
        Depth 7 was reached 4 times.
        Depth 9 was reached 3 times.
        Depth 10 was reached 2 times.
        Fallback choosing random token happened 0 times.
     Team 0:
        Depth 7 was reached 8 times.
        Depth 9 was reached 2 times.
        Depth 10 was reached 0 times.
        Fallback choosing random token happened 0 times.
--------------------------------------------------
--------------------------------------------------

 
                  Evaluation. 
                 Player A| Q = 0.292187390678296 * activeTokens + 0.3828108073881861 * successfulTokens + 0.32500180193351796 * tokenDistanceToBorder (EV: 41.33333333333333)
                 Player B| Q = 0.31444384136207043 * activeTokens + 0.38412202757461966 * successfulTokens + 0.3014341310633099 * tokenDistanceToBorder (EV: 0.0)
                 Player C| Q = 0.313014883859199 * activeTokens + 0.3448733281624178 * successfulTokens + 0.3421117879783832 * tokenDistanceToBorder (EV: 8.0)

 
          Game over. 
         Player A/ Team 1: 1
         Player B/ Team 0: 5 <--WINNER ON SERVER within 9 turns
         Player C/ Team 2: 0

 
--------------------------------------------------
--------------------------------------------------
Depth report.
     Team 1:
        Depth 7 was reached 6 times.
        Depth 9 was reached 2 times.
        Depth 10 was reached 1 times.
        Fallback choosing random token happened 0 times.
     Team 0:
        Depth 7 was reached 9 times.
        Depth 9 was reached 1 times.
        Depth 10 was reached 0 times.
        Fallback choosing random token happened 0 times.
     Team 2:
        Depth 7 was reached 8 times.
        Depth 9 was reached 0 times.
        Depth 10 was reached 1 times.
        Fallback choosing random token happened 0 times.
--------------------------------------------------
--------------------------------------------------

 
                  Evaluation. 
                 Player A| Q = 0.292187390678296 * activeTokens + 0.3828108073881861 * successfulTokens + 0.32500180193351796 * tokenDistanceToBorder (EV: 5.0)
                 Player B| Q = 0.31444384136207043 * activeTokens + 0.38412202757461966 * successfulTokens + 0.3014341310633099 * tokenDistanceToBorder (EV: 44.6)
                 Player C| Q = 0.313014883859199 * activeTokens + 0.3448733281624178 * successfulTokens + 0.3421117879783832 * tokenDistanceToBorder (EV: 3.0)

 
          Game over. 
         Player A/ Team 0: 2
         Player B/ Team 2: 0
         Player C/ Team 1: 5 <--WINNER ON SERVER within 9 turns

 
--------------------------------------------------
--------------------------------------------------
Depth report.
     Team 0:
        Depth 7 was reached 8 times.
        Depth 9 was reached 1 times.
        Depth 10 was reached 0 times.
        Fallback choosing random token happened 0 times.
     Team 2:
        Depth 7 was reached 7 times.
        Depth 9 was reached 0 times.
        Depth 10 was reached 1 times.
        Fallback choosing random token happened 0 times.
     Team 1:
        Depth 7 was reached 2 times.
        Depth 9 was reached 6 times.
        Depth 10 was reached 1 times.
        Fallback choosing random token happened 0 times.
--------------------------------------------------
--------------------------------------------------

 
                  Evaluation. 
                 Player A| Q = 0.292187390678296 * activeTokens + 0.3828108073881861 * successfulTokens + 0.32500180193351796 * tokenDistanceToBorder (EV: 6.0)
                 Player B| Q = 0.31444384136207043 * activeTokens + 0.38412202757461966 * successfulTokens + 0.3014341310633099 * tokenDistanceToBorder (EV: 2.0)
                 Player C| Q = 0.313014883859199 * activeTokens + 0.3448733281624178 * successfulTokens + 0.3421117879783832 * tokenDistanceToBorder (EV: 43.6)

 
          Game over. 
         Player A/ Team 0: 4
         Player B/ Team 2: 0
         Player C/ Team 1: 5 <--WINNER ON SERVER within 10 turns

 
--------------------------------------------------
--------------------------------------------------
Depth report.
     Team 0:
        Depth 7 was reached 8 times.
        Depth 9 was reached 2 times.
        Depth 10 was reached 0 times.
        Fallback choosing random token happened 0 times.
     Team 2:
        Depth 7 was reached 4 times.
        Depth 9 was reached 3 times.
        Depth 10 was reached 2 times.
        Fallback choosing random token happened 0 times.
     Team 1:
        Depth 7 was reached 6 times.
        Depth 9 was reached 2 times.
        Depth 10 was reached 2 times.
        Fallback choosing random token happened 0 times.
--------------------------------------------------
--------------------------------------------------

 
                  Evaluation. 
                 Player A| Q = 0.292187390678296 * activeTokens + 0.3828108073881861 * successfulTokens + 0.32500180193351796 * tokenDistanceToBorder (EV: 8.0)
                 Player B| Q = 0.31444384136207043 * activeTokens + 0.38412202757461966 * successfulTokens + 0.3014341310633099 * tokenDistanceToBorder (EV: 0.0)
                 Player C| Q = 0.313014883859199 * activeTokens + 0.3448733281624178 * successfulTokens + 0.3421117879783832 * tokenDistanceToBorder (EV: 41.33333333333333)

 
          Game over. 
         Player A/ Team 1: 4
         Player B/ Team 2: 5 <--WINNER ON SERVER within 12 turns
         Player C/ Team 0: 2

 
--------------------------------------------------
--------------------------------------------------
Depth report.
     Team 1:
        Depth 7 was reached 3 times.
        Depth 9 was reached 4 times.
        Depth 10 was reached 5 times.
        Fallback choosing random token happened 0 times.
     Team 2:
        Depth 7 was reached 1 times.
        Depth 9 was reached 4 times.
        Depth 10 was reached 7 times.
        Fallback choosing random token happened 0 times.
     Team 0:
        Depth 7 was reached 5 times.
        Depth 9 was reached 3 times.
        Depth 10 was reached 4 times.
        Fallback choosing random token happened 0 times.
--------------------------------------------------
--------------------------------------------------

 
                  Evaluation. 
                 Player A| Q = 0.292187390678296 * activeTokens + 0.3828108073881861 * successfulTokens + 0.32500180193351796 * tokenDistanceToBorder (EV: 6.0)
                 Player B| Q = 0.31444384136207043 * activeTokens + 0.38412202757461966 * successfulTokens + 0.3014341310633099 * tokenDistanceToBorder (EV: 38.8)
                 Player C| Q = 0.313014883859199 * activeTokens + 0.3448733281624178 * successfulTokens + 0.3421117879783832 * tokenDistanceToBorder (EV: 2.0)

 
          Game over. 
         Player A/ Team 1: 1
         Player B/ Team 0: 5 <--WINNER ON SERVER within 9 turns
         Player C/ Team 2: 0

 
--------------------------------------------------
--------------------------------------------------
Depth report.
     Team 1:
        Depth 7 was reached 5 times.
        Depth 9 was reached 3 times.
        Depth 10 was reached 1 times.
        Fallback choosing random token happened 0 times.
     Team 0:
        Depth 7 was reached 8 times.
        Depth 9 was reached 2 times.
        Depth 10 was reached 0 times.
        Fallback choosing random token happened 0 times.
     Team 2:
        Depth 7 was reached 8 times.
        Depth 9 was reached 0 times.
        Depth 10 was reached 1 times.
        Fallback choosing random token happened 0 times.
--------------------------------------------------
--------------------------------------------------

 
                  Evaluation. 
                 Player A| Q = 0.292187390678296 * activeTokens + 0.3828108073881861 * successfulTokens + 0.32500180193351796 * tokenDistanceToBorder (EV: 5.0)
                 Player B| Q = 0.31444384136207043 * activeTokens + 0.38412202757461966 * successfulTokens + 0.3014341310633099 * tokenDistanceToBorder (EV: 44.6)
                 Player C| Q = 0.313014883859199 * activeTokens + 0.3448733281624178 * successfulTokens + 0.3421117879783832 * tokenDistanceToBorder (EV: 3.0)

 
          Game over. 
         Player A/ Team 1: 1
         Player B/ Team 0: 5 <--WINNER ON SERVER within 9 turns
         Player C/ Team 2: 0

 
--------------------------------------------------
--------------------------------------------------
Depth report.
     Team 1:
        Depth 7 was reached 6 times.
        Depth 9 was reached 2 times.
        Depth 10 was reached 1 times.
        Fallback choosing random token happened 0 times.
     Team 0:
        Depth 7 was reached 8 times.
        Depth 9 was reached 2 times.
        Depth 10 was reached 0 times.
        Fallback choosing random token happened 0 times.
     Team 2:
        Depth 7 was reached 8 times.
        Depth 9 was reached 0 times.
        Depth 10 was reached 1 times.
        Fallback choosing random token happened 0 times.
--------------------------------------------------
--------------------------------------------------

 
                  Evaluation. 
                 Player A| Q = 0.292187390678296 * activeTokens + 0.3828108073881861 * successfulTokens + 0.32500180193351796 * tokenDistanceToBorder (EV: 5.0)
                 Player B| Q = 0.31444384136207043 * activeTokens + 0.38412202757461966 * successfulTokens + 0.3014341310633099 * tokenDistanceToBorder (EV: 44.6)
                 Player C| Q = 0.313014883859199 * activeTokens + 0.3448733281624178 * successfulTokens + 0.3421117879783832 * tokenDistanceToBorder (EV: 3.0)

 
          Game over. 
         Player A/ Team 2: 0
         Player B/ Team 0: 5 <--WINNER ON SERVER within 9 turns
         Player C/ Team 1: 1

 
--------------------------------------------------
--------------------------------------------------
Depth report.
     Team 2:
        Depth 7 was reached 8 times.
        Depth 9 was reached 0 times.
        Depth 10 was reached 1 times.
        Fallback choosing random token happened 0 times.
     Team 0:
        Depth 7 was reached 8 times.
        Depth 9 was reached 2 times.
        Depth 10 was reached 0 times.
        Fallback choosing random token happened 0 times.
     Team 1:
        Depth 7 was reached 6 times.
        Depth 9 was reached 2 times.
        Depth 10 was reached 1 times.
        Fallback choosing random token happened 0 times.
--------------------------------------------------
--------------------------------------------------

 
                  Evaluation. 
                 Player A| Q = 0.292187390678296 * activeTokens + 0.3828108073881861 * successfulTokens + 0.32500180193351796 * tokenDistanceToBorder (EV: 3.0)
                 Player B| Q = 0.31444384136207043 * activeTokens + 0.38412202757461966 * successfulTokens + 0.3014341310633099 * tokenDistanceToBorder (EV: 44.6)
                 Player C| Q = 0.313014883859199 * activeTokens + 0.3448733281624178 * successfulTokens + 0.3421117879783832 * tokenDistanceToBorder (EV: 5.0)

 
          Game over. 
         Player A/ Team 2: 1
         Player B/ Team 1: 1
         Player C/ Team 0: 5 <--WINNER ON SERVER within 7 turns

 
--------------------------------------------------
--------------------------------------------------
Depth report.
     Team 2:
        Depth 7 was reached 3 times.
        Depth 9 was reached 1 times.
        Depth 10 was reached 3 times.
        Fallback choosing random token happened 0 times.
     Team 1:
        Depth 7 was reached 2 times.
        Depth 9 was reached 4 times.
        Depth 10 was reached 1 times.
        Fallback choosing random token happened 0 times.
     Team 0:
        Depth 7 was reached 6 times.
        Depth 9 was reached 1 times.
        Depth 10 was reached 1 times.
        Fallback choosing random token happened 0 times.
--------------------------------------------------
--------------------------------------------------

 
                  Evaluation. 
                 Player A| Q = 0.292187390678296 * activeTokens + 0.3828108073881861 * successfulTokens + 0.32500180193351796 * tokenDistanceToBorder (EV: 4.0)
                 Player B| Q = 0.31444384136207043 * activeTokens + 0.38412202757461966 * successfulTokens + 0.3014341310633099 * tokenDistanceToBorder (EV: 4.0)
                 Player C| Q = 0.313014883859199 * activeTokens + 0.3448733281624178 * successfulTokens + 0.3421117879783832 * tokenDistanceToBorder (EV: 44.13333333333333)

 
          Game over. 
         Player A/ Team 1: 1
         Player B/ Team 0: 5 <--WINNER ON SERVER within 9 turns
         Player C/ Team 2: 0

 
--------------------------------------------------
--------------------------------------------------
Depth report.
     Team 1:
        Depth 7 was reached 6 times.
        Depth 9 was reached 2 times.
        Depth 10 was reached 1 times.
        Fallback choosing random token happened 0 times.
     Team 0:
        Depth 7 was reached 8 times.
        Depth 9 was reached 2 times.
        Depth 10 was reached 0 times.
        Fallback choosing random token happened 0 times.
     Team 2:
        Depth 7 was reached 8 times.
        Depth 9 was reached 0 times.
        Depth 10 was reached 1 times.
        Fallback choosing random token happened 0 times.
--------------------------------------------------
--------------------------------------------------

 
                  Evaluation. 
                 Player A| Q = 0.292187390678296 * activeTokens + 0.3828108073881861 * successfulTokens + 0.32500180193351796 * tokenDistanceToBorder (EV: 5.0)
                 Player B| Q = 0.31444384136207043 * activeTokens + 0.38412202757461966 * successfulTokens + 0.3014341310633099 * tokenDistanceToBorder (EV: 44.6)
                 Player C| Q = 0.313014883859199 * activeTokens + 0.3448733281624178 * successfulTokens + 0.3421117879783832 * tokenDistanceToBorder (EV: 3.0)

 
!!!!!!!!!!!!!!!!!!!!!!!!!!!ERROR DETECTED!!!!!!!!!!!!!!!!!!!!!!!!!. 


You got kicked because your move was invalid!



 
INFO: Team 0 lost prematurely (probably because it had no more tokens to play). 


 
          Game over. 
         Player A/ Team 1: 2
         Player B/ Team 2: 6 <--WINNER ON SERVER within 11 turns
         Player C/ Team 0: 2

 
--------------------------------------------------
--------------------------------------------------
Depth report.
     Team 1:
        Depth 7 was reached 1 times.
        Depth 9 was reached 3 times.
        Depth 10 was reached 7 times.
        Fallback choosing random token happened 0 times.
     Team 2:
        Depth 7 was reached 0 times.
        Depth 9 was reached 2 times.
        Depth 10 was reached 9 times.
        Fallback choosing random token happened 0 times.
     Team 0:
        Depth 7 was reached 2 times.
        Depth 9 was reached 2 times.
        Depth 10 was reached 4 times.
        Fallback choosing random token happened 0 times.
--------------------------------------------------
--------------------------------------------------

 
                  Evaluation. 
                 Player A| Q = 0.292187390678296 * activeTokens + 0.3828108073881861 * successfulTokens + 0.32500180193351796 * tokenDistanceToBorder (EV: 4.0)
                 Player B| Q = 0.31444384136207043 * activeTokens + 0.38412202757461966 * successfulTokens + 0.3014341310633099 * tokenDistanceToBorder (EV: 41.06666666666666)
                 Player C| Q = 0.313014883859199 * activeTokens + 0.3448733281624178 * successfulTokens + 0.3421117879783832 * tokenDistanceToBorder (EV: 2.0)

 
          Game over. 
         Player A/ Team 2: 1
         Player B/ Team 1: 1
         Player C/ Team 0: 5 <--WINNER ON SERVER within 7 turns

 
--------------------------------------------------
--------------------------------------------------
Depth report.
     Team 2:
        Depth 7 was reached 3 times.
        Depth 9 was reached 1 times.
        Depth 10 was reached 3 times.
        Fallback choosing random token happened 0 times.
     Team 1:
        Depth 7 was reached 2 times.
        Depth 9 was reached 4 times.
        Depth 10 was reached 1 times.
        Fallback choosing random token happened 0 times.
     Team 0:
        Depth 7 was reached 6 times.
        Depth 9 was reached 1 times.
        Depth 10 was reached 1 times.
        Fallback choosing random token happened 0 times.
--------------------------------------------------
--------------------------------------------------

 
                  Evaluation. 
                 Player A| Q = 0.292187390678296 * activeTokens + 0.3828108073881861 * successfulTokens + 0.32500180193351796 * tokenDistanceToBorder (EV: 4.0)
                 Player B| Q = 0.31444384136207043 * activeTokens + 0.38412202757461966 * successfulTokens + 0.3014341310633099 * tokenDistanceToBorder (EV: 4.0)
                 Player C| Q = 0.313014883859199 * activeTokens + 0.3448733281624178 * successfulTokens + 0.3421117879783832 * tokenDistanceToBorder (EV: 44.13333333333333)

 
          Game over. 
         Player A/ Team 1: 5 <--WINNER ON SERVER within 10 turns
         Player B/ Team 2: 0
         Player C/ Team 0: 4

 
--------------------------------------------------
--------------------------------------------------
Depth report.
     Team 1:
        Depth 7 was reached 6 times.
        Depth 9 was reached 2 times.
        Depth 10 was reached 2 times.
        Fallback choosing random token happened 0 times.
     Team 2:
        Depth 7 was reached 4 times.
        Depth 9 was reached 3 times.
        Depth 10 was reached 2 times.
        Fallback choosing random token happened 0 times.
     Team 0:
        Depth 7 was reached 8 times.
        Depth 9 was reached 2 times.
        Depth 10 was reached 0 times.
        Fallback choosing random token happened 0 times.
--------------------------------------------------
--------------------------------------------------

 
                  Evaluation. 
                 Player A| Q = 0.292187390678296 * activeTokens + 0.3828108073881861 * successfulTokens + 0.32500180193351796 * tokenDistanceToBorder (EV: 41.33333333333333)
                 Player B| Q = 0.31444384136207043 * activeTokens + 0.38412202757461966 * successfulTokens + 0.3014341310633099 * tokenDistanceToBorder (EV: 0.0)
                 Player C| Q = 0.313014883859199 * activeTokens + 0.3448733281624178 * successfulTokens + 0.3421117879783832 * tokenDistanceToBorder (EV: 8.0)

 
!!!!!!!!!!!!!!!!!!!!!!!!!!!ERROR DETECTED!!!!!!!!!!!!!!!!!!!!!!!!!. 


You got kicked because your move was invalid!



 
INFO: Team 0 lost prematurely (probably because it had no more tokens to play). 


 
          Game over. 
         Player A/ Team 1: 2
         Player B/ Team 2: 6 <--WINNER ON SERVER within 11 turns
         Player C/ Team 0: 2

 
--------------------------------------------------
--------------------------------------------------
Depth report.
     Team 1:
        Depth 7 was reached 1 times.
        Depth 9 was reached 2 times.
        Depth 10 was reached 8 times.
        Fallback choosing random token happened 0 times.
     Team 2:
        Depth 7 was reached 0 times.
        Depth 9 was reached 2 times.
        Depth 10 was reached 9 times.
        Fallback choosing random token happened 0 times.
     Team 0:
        Depth 7 was reached 2 times.
        Depth 9 was reached 2 times.
        Depth 10 was reached 4 times.
        Fallback choosing random token happened 0 times.
--------------------------------------------------
--------------------------------------------------

 
                  Evaluation. 
                 Player A| Q = 0.292187390678296 * activeTokens + 0.3828108073881861 * successfulTokens + 0.32500180193351796 * tokenDistanceToBorder (EV: 4.0)
                 Player B| Q = 0.31444384136207043 * activeTokens + 0.38412202757461966 * successfulTokens + 0.3014341310633099 * tokenDistanceToBorder (EV: 41.06666666666666)
                 Player C| Q = 0.313014883859199 * activeTokens + 0.3448733281624178 * successfulTokens + 0.3421117879783832 * tokenDistanceToBorder (EV: 2.0)

 
          Game over. 
         Player A/ Team 0: 6 <--WINNER ON SERVER within 10 turns
         Player B/ Team 1: 1
         Player C/ Team 2: 1

 
--------------------------------------------------
--------------------------------------------------
Depth report.
     Team 0:
        Depth 7 was reached 4 times.
        Depth 9 was reached 3 times.
        Depth 10 was reached 3 times.
        Fallback choosing random token happened 0 times.
     Team 1:
        Depth 7 was reached 0 times.
        Depth 9 was reached 5 times.
        Depth 10 was reached 4 times.
        Fallback choosing random token happened 0 times.
     Team 2:
        Depth 7 was reached 3 times.
        Depth 9 was reached 2 times.
        Depth 10 was reached 4 times.
        Fallback choosing random token happened 0 times.
--------------------------------------------------
--------------------------------------------------

 
                  Evaluation. 
                 Player A| Q = 0.292187390678296 * activeTokens + 0.3828108073881861 * successfulTokens + 0.32500180193351796 * tokenDistanceToBorder (EV: 43.33333333333333)
                 Player B| Q = 0.31444384136207043 * activeTokens + 0.38412202757461966 * successfulTokens + 0.3014341310633099 * tokenDistanceToBorder (EV: 4.0)
                 Player C| Q = 0.313014883859199 * activeTokens + 0.3448733281624178 * successfulTokens + 0.3421117879783832 * tokenDistanceToBorder (EV: 4.0)

 
          Game over. 
         Player A/ Team 1: 1
         Player B/ Team 0: 5 <--WINNER ON SERVER within 9 turns
         Player C/ Team 2: 0

 
--------------------------------------------------
--------------------------------------------------
Depth report.
     Team 1:
        Depth 7 was reached 6 times.
        Depth 9 was reached 2 times.
        Depth 10 was reached 1 times.
        Fallback choosing random token happened 0 times.
     Team 0:
        Depth 7 was reached 8 times.
        Depth 9 was reached 2 times.
        Depth 10 was reached 0 times.
        Fallback choosing random token happened 0 times.
     Team 2:
        Depth 7 was reached 8 times.
        Depth 9 was reached 0 times.
        Depth 10 was reached 1 times.
        Fallback choosing random token happened 0 times.
--------------------------------------------------
--------------------------------------------------

 
                  Evaluation. 
                 Player A| Q = 0.292187390678296 * activeTokens + 0.3828108073881861 * successfulTokens + 0.32500180193351796 * tokenDistanceToBorder (EV: 5.0)
                 Player B| Q = 0.31444384136207043 * activeTokens + 0.38412202757461966 * successfulTokens + 0.3014341310633099 * tokenDistanceToBorder (EV: 44.6)
                 Player C| Q = 0.313014883859199 * activeTokens + 0.3448733281624178 * successfulTokens + 0.3421117879783832 * tokenDistanceToBorder (EV: 3.0)

 
          Game over. 
         Player A/ Team 2: 0
         Player B/ Team 0: 5 <--WINNER ON SERVER within 9 turns
         Player C/ Team 1: 1

 
--------------------------------------------------
--------------------------------------------------
Depth report.
     Team 2:
        Depth 7 was reached 8 times.
        Depth 9 was reached 0 times.
        Depth 10 was reached 1 times.
        Fallback choosing random token happened 0 times.
     Team 0:
        Depth 7 was reached 8 times.
        Depth 9 was reached 2 times.
        Depth 10 was reached 0 times.
        Fallback choosing random token happened 0 times.
     Team 1:
        Depth 7 was reached 6 times.
        Depth 9 was reached 2 times.
        Depth 10 was reached 1 times.
        Fallback choosing random token happened 0 times.
--------------------------------------------------
--------------------------------------------------

 
                  Evaluation. 
                 Player A| Q = 0.292187390678296 * activeTokens + 0.3828108073881861 * successfulTokens + 0.32500180193351796 * tokenDistanceToBorder (EV: 3.0)
                 Player B| Q = 0.31444384136207043 * activeTokens + 0.38412202757461966 * successfulTokens + 0.3014341310633099 * tokenDistanceToBorder (EV: 44.6)
                 Player C| Q = 0.313014883859199 * activeTokens + 0.3448733281624178 * successfulTokens + 0.3421117879783832 * tokenDistanceToBorder (EV: 5.0)

 
          Game over. 
         Player A/ Team 1: 1
         Player B/ Team 0: 5 <--WINNER ON SERVER within 9 turns
         Player C/ Team 2: 0

 
--------------------------------------------------
--------------------------------------------------
Depth report.
     Team 1:
        Depth 7 was reached 6 times.
        Depth 9 was reached 2 times.
        Depth 10 was reached 1 times.
        Fallback choosing random token happened 0 times.
     Team 0:
        Depth 7 was reached 8 times.
        Depth 9 was reached 2 times.
        Depth 10 was reached 0 times.
        Fallback choosing random token happened 0 times.
     Team 2:
        Depth 7 was reached 8 times.
        Depth 9 was reached 0 times.
        Depth 10 was reached 1 times.
        Fallback choosing random token happened 0 times.
--------------------------------------------------
--------------------------------------------------

 
                  Evaluation. 
                 Player A| Q = 0.292187390678296 * activeTokens + 0.3828108073881861 * successfulTokens + 0.32500180193351796 * tokenDistanceToBorder (EV: 5.0)
                 Player B| Q = 0.31444384136207043 * activeTokens + 0.38412202757461966 * successfulTokens + 0.3014341310633099 * tokenDistanceToBorder (EV: 44.6)
                 Player C| Q = 0.313014883859199 * activeTokens + 0.3448733281624178 * successfulTokens + 0.3421117879783832 * tokenDistanceToBorder (EV: 3.0)

 
          Game over. 
         Player A/ Team 0: 5 <--WINNER ON SERVER within 8 turns
         Player B/ Team 1: 1
         Player C/ Team 2: 1

 
--------------------------------------------------
--------------------------------------------------
Depth report.
     Team 0:
        Depth 7 was reached 6 times.
        Depth 9 was reached 1 times.
        Depth 10 was reached 1 times.
        Fallback choosing random token happened 0 times.
     Team 1:
        Depth 7 was reached 2 times.
        Depth 9 was reached 4 times.
        Depth 10 was reached 1 times.
        Fallback choosing random token happened 0 times.
     Team 2:
        Depth 7 was reached 3 times.
        Depth 9 was reached 1 times.
        Depth 10 was reached 3 times.
        Fallback choosing random token happened 0 times.
--------------------------------------------------
--------------------------------------------------

 
                  Evaluation. 
                 Player A| Q = 0.292187390678296 * activeTokens + 0.3828108073881861 * successfulTokens + 0.32500180193351796 * tokenDistanceToBorder (EV: 43.86666666666667)
                 Player B| Q = 0.31444384136207043 * activeTokens + 0.38412202757461966 * successfulTokens + 0.3014341310633099 * tokenDistanceToBorder (EV: 4.0)
                 Player C| Q = 0.313014883859199 * activeTokens + 0.3448733281624178 * successfulTokens + 0.3421117879783832 * tokenDistanceToBorder (EV: 4.0)

 
          Game over. 
         Player A/ Team 2: 0
         Player B/ Team 0: 5 <--WINNER ON SERVER within 9 turns
         Player C/ Team 1: 1

 
--------------------------------------------------
--------------------------------------------------
Depth report.
     Team 2:
        Depth 7 was reached 8 times.
        Depth 9 was reached 0 times.
        Depth 10 was reached 1 times.
        Fallback choosing random token happened 0 times.
     Team 0:
        Depth 7 was reached 8 times.
        Depth 9 was reached 2 times.
        Depth 10 was reached 0 times.
        Fallback choosing random token happened 0 times.
     Team 1:
        Depth 7 was reached 6 times.
        Depth 9 was reached 2 times.
        Depth 10 was reached 1 times.
        Fallback choosing random token happened 0 times.
--------------------------------------------------
--------------------------------------------------

 
                  Evaluation. 
                 Player A| Q = 0.292187390678296 * activeTokens + 0.3828108073881861 * successfulTokens + 0.32500180193351796 * tokenDistanceToBorder (EV: 3.0)
                 Player B| Q = 0.31444384136207043 * activeTokens + 0.38412202757461966 * successfulTokens + 0.3014341310633099 * tokenDistanceToBorder (EV: 44.6)
                 Player C| Q = 0.313014883859199 * activeTokens + 0.3448733281624178 * successfulTokens + 0.3421117879783832 * tokenDistanceToBorder (EV: 5.0)

 
Calculating medium parameter evaluation from 20 games played. 
[41.33333333333333, 5.0, 6.0, 8.0, 6.0, 5.0, 5.0, 3.0, 4.0, 5.0, 4.0, 4.0, 41.33333333333333, 4.0, 43.33333333333333, 5.0, 3.0, 5.0, 43.86666666666667, 3.0] ----> Writing medium:Q = 0.292187390678296 * activeTokens + 0.3828108073881861 * successfulTokens + 0.32500180193351796 * tokenDistanceToBorder (EV: 12.243333333333334)
[0.0, 44.6, 2.0, 0.0, 38.8, 44.6, 44.6, 44.6, 4.0, 44.6, 41.06666666666666, 4.0, 0.0, 41.06666666666666, 4.0, 44.6, 44.6, 44.6, 4.0, 44.6] ----> Writing medium:Q = 0.31444384136207043 * activeTokens + 0.38412202757461966 * successfulTokens + 0.3014341310633099 * tokenDistanceToBorder (EV: 27.01666666666667)
[8.0, 3.0, 43.6, 41.33333333333333, 2.0, 3.0, 3.0, 5.0, 44.13333333333333, 3.0, 2.0, 44.13333333333333, 8.0, 2.0, 4.0, 3.0, 5.0, 3.0, 4.0, 5.0] ----> Writing medium:Q = 0.313014883859199 * activeTokens + 0.3448733281624178 * successfulTokens + 0.3421117879783832 * tokenDistanceToBorder (EV: 11.809999999999999)

 
          Game over. 
         Player A/ Team 2: 1
         Player B/ Team 1: 5 <--WINNER ON SERVER within 10 turns
         Player C/ Team 0: 2

 
--------------------------------------------------
--------------------------------------------------
Depth report.
     Team 2:
        Depth 7 was reached 7 times.
        Depth 9 was reached 3 times.
        Depth 10 was reached 0 times.
        Fallback choosing random token happened 0 times.
     Team 1:
        Depth 7 was reached 8 times.
        Depth 9 was reached 3 times.
        Depth 10 was reached 0 times.
        Fallback choosing random token happened 0 times.
     Team 0:
        Depth 7 was reached 8 times.
        Depth 9 was reached 2 times.
        Depth 10 was reached 1 times.
        Fallback choosing random token happened 0 times.
--------------------------------------------------
--------------------------------------------------

 
                  Evaluation. 
                 Player A| Q = 0.33698656678540206 * activeTokens + 0.34950107515337664 * successfulTokens + 0.3135123580612213 * tokenDistanceToBorder (EV: 3.0)
                 Player B| Q = 0.3036599754070674 * activeTokens + 0.41472077090277315 * successfulTokens + 0.28161925369015944 * tokenDistanceToBorder (EV: 42.33333333333333)
                 Player C| Q = 0.3951323083575437 * activeTokens + 0.3186757739431083 * successfulTokens + 0.286191917699348 * tokenDistanceToBorder (EV: 5.0)

 
          Game over. 
         Player A/ Team 2: 0
         Player B/ Team 0: 5 <--WINNER ON SERVER within 9 turns
         Player C/ Team 1: 0

 
--------------------------------------------------
--------------------------------------------------
Depth report.
     Team 2:
        Depth 7 was reached 4 times.
        Depth 9 was reached 1 times.
        Depth 10 was reached 4 times.
        Fallback choosing random token happened 0 times.
     Team 0:
        Depth 7 was reached 7 times.
        Depth 9 was reached 2 times.
        Depth 10 was reached 1 times.
        Fallback choosing random token happened 0 times.
     Team 1:
        Depth 7 was reached 4 times.
        Depth 9 was reached 2 times.
        Depth 10 was reached 3 times.
        Fallback choosing random token happened 0 times.
--------------------------------------------------
--------------------------------------------------

 
                  Evaluation. 
                 Player A| Q = 0.33698656678540206 * activeTokens + 0.34950107515337664 * successfulTokens + 0.3135123580612213 * tokenDistanceToBorder (EV: 4.0)
                 Player B| Q = 0.3036599754070674 * activeTokens + 0.41472077090277315 * successfulTokens + 0.28161925369015944 * tokenDistanceToBorder (EV: 45.6)
                 Player C| Q = 0.3951323083575437 * activeTokens + 0.3186757739431083 * successfulTokens + 0.286191917699348 * tokenDistanceToBorder (EV: 4.0)

 
          Game over. 
         Player A/ Team 0: 6 <--WINNER ON SERVER within 10 turns
         Player B/ Team 2: 0
         Player C/ Team 1: 0

 
--------------------------------------------------
--------------------------------------------------
Depth report.
     Team 0:
        Depth 7 was reached 5 times.
        Depth 9 was reached 2 times.
        Depth 10 was reached 3 times.
        Fallback choosing random token happened 0 times.
     Team 2:
        Depth 7 was reached 5 times.
        Depth 9 was reached 0 times.
        Depth 10 was reached 4 times.
        Fallback choosing random token happened 0 times.
     Team 1:
        Depth 7 was reached 4 times.
        Depth 9 was reached 2 times.
        Depth 10 was reached 3 times.
        Fallback choosing random token happened 0 times.
--------------------------------------------------
--------------------------------------------------

 
                  Evaluation. 
                 Player A| Q = 0.33698656678540206 * activeTokens + 0.34950107515337664 * successfulTokens + 0.3135123580612213 * tokenDistanceToBorder (EV: 45.33333333333333)
                 Player B| Q = 0.3036599754070674 * activeTokens + 0.41472077090277315 * successfulTokens + 0.28161925369015944 * tokenDistanceToBorder (EV: 4.0)
                 Player C| Q = 0.3951323083575437 * activeTokens + 0.3186757739431083 * successfulTokens + 0.286191917699348 * tokenDistanceToBorder (EV: 4.0)

 
          Game over. 
         Player A/ Team 2: 0
         Player B/ Team 1: 0
         Player C/ Team 0: 6 <--WINNER ON SERVER within 9 turns

 
--------------------------------------------------
--------------------------------------------------
Depth report.
     Team 2:
        Depth 7 was reached 4 times.
        Depth 9 was reached 3 times.
        Depth 10 was reached 2 times.
        Fallback choosing random token happened 0 times.
     Team 1:
        Depth 7 was reached 4 times.
        Depth 9 was reached 2 times.
        Depth 10 was reached 3 times.
        Fallback choosing random token happened 0 times.
     Team 0:
        Depth 7 was reached 5 times.
        Depth 9 was reached 2 times.
        Depth 10 was reached 3 times.
        Fallback choosing random token happened 0 times.
--------------------------------------------------
--------------------------------------------------

 
                  Evaluation. 
                 Player A| Q = 0.33698656678540206 * activeTokens + 0.34950107515337664 * successfulTokens + 0.3135123580612213 * tokenDistanceToBorder (EV: 4.0)
                 Player B| Q = 0.3036599754070674 * activeTokens + 0.41472077090277315 * successfulTokens + 0.28161925369015944 * tokenDistanceToBorder (EV: 4.0)
                 Player C| Q = 0.3951323083575437 * activeTokens + 0.3186757739431083 * successfulTokens + 0.286191917699348 * tokenDistanceToBorder (EV: 45.6)

 
          Game over. 
         Player A/ Team 1: 4
         Player B/ Team 0: 5 <--WINNER ON SERVER within 12 turns
         Player C/ Team 2: 1

 
--------------------------------------------------
--------------------------------------------------
Depth report.
     Team 1:
        Depth 7 was reached 5 times.
        Depth 9 was reached 5 times.
        Depth 10 was reached 2 times.
        Fallback choosing random token happened 0 times.
     Team 0:
        Depth 7 was reached 8 times.
        Depth 9 was reached 3 times.
        Depth 10 was reached 2 times.
        Fallback choosing random token happened 0 times.
     Team 2:
        Depth 7 was reached 6 times.
        Depth 9 was reached 2 times.
        Depth 10 was reached 4 times.
        Fallback choosing random token happened 0 times.
--------------------------------------------------
--------------------------------------------------

 
                  Evaluation. 
                 Player A| Q = 0.33698656678540206 * activeTokens + 0.34950107515337664 * successfulTokens + 0.3135123580612213 * tokenDistanceToBorder (EV: 7.0)
                 Player B| Q = 0.3036599754070674 * activeTokens + 0.41472077090277315 * successfulTokens + 0.28161925369015944 * tokenDistanceToBorder (EV: 39.8)
                 Player C| Q = 0.3951323083575437 * activeTokens + 0.3186757739431083 * successfulTokens + 0.286191917699348 * tokenDistanceToBorder (EV: 1.0)

 
          Game over. 
         Player A/ Team 0: 5 <--WINNER ON SERVER within 8 turns
         Player B/ Team 1: 1
         Player C/ Team 2: 0

 
--------------------------------------------------
--------------------------------------------------
Depth report.
     Team 0:
        Depth 7 was reached 6 times.
        Depth 9 was reached 2 times.
        Depth 10 was reached 0 times.
        Fallback choosing random token happened 0 times.
     Team 1:
        Depth 7 was reached 5 times.
        Depth 9 was reached 2 times.
        Depth 10 was reached 0 times.
        Fallback choosing random token happened 0 times.
     Team 2:
        Depth 7 was reached 7 times.
        Depth 9 was reached 0 times.
        Depth 10 was reached 0 times.
        Fallback choosing random token happened 0 times.
--------------------------------------------------
--------------------------------------------------

 
                  Evaluation. 
