
 
----------------------------------------------------------------------
 Starting Generation (Number: 14).
 
Creating mutations. 
High Mutations: [0.0376, -0.0668, 0.0292][0.031, 0.0099, -0.0409][-0.0326, -0.0041, 0.0367]
Low_Mutations: [0.0, 0.0, 0.0][0.00596, -0.09694, 0.09098][0.04874, -0.07396, 0.02522]
 
Recombination. 
Parent: Q = 0.31444384136207043 * activeTokens + 0.38412202757461966 * successfulTokens + 0.3014341310633099 * tokenDistanceToBorder (EV: 13.596666666666668)
Child: Q = 0.2816218599280343 * activeTokens + 0.39025177848107173 * successfulTokens + 0.32812636159089403 * tokenDistanceToBorder (EV: 0.0)
Child: Q = 0.3180677403803767 * activeTokens + 0.32550218235829304 * successfulTokens + 0.35643007726133014 * tokenDistanceToBorder (EV: 0.0)
Parent: Q = 0.3036599754070674 * activeTokens + 0.41472077090277315 * successfulTokens + 0.28161925369015944 * tokenDistanceToBorder (EV: 16.696666666666665)
Child: Q = 0.28739891970186304 * activeTokens + 0.29628731967654826 * successfulTokens + 0.4163137606215887 * tokenDistanceToBorder (EV: 0.0)
Child: Q = 0.3116703251945932 * activeTokens + 0.39984790125974706 * successfulTokens + 0.2884817735456598 * tokenDistanceToBorder (EV: 0.0)
Parent: Q = 0.2433770215525981 * activeTokens + 0.3749766995562425 * successfulTokens + 0.3816462788911594 * tokenDistanceToBorder (EV: 21.29)
Child: Q = 0.3288658017697144 * activeTokens + 0.3185619561870491 * successfulTokens + 0.35257224204323656 * tokenDistanceToBorder (EV: 0.0)
Child: Q = 0.2500225061315884 * activeTokens + 0.38627762662323656 * successfulTokens + 0.36369986724517517 * tokenDistanceToBorder (EV: 0.0)

 
          Game over. 
         Player A/ Team 0: 5 <--WINNER ON SERVER within 14 turns
         Player B/ Team 1: 4
         Player C/ Team 2: 1

 
--------------------------------------------------
--------------------------------------------------
Depth report.
     Team 0:
        Depth 7 was reached 12 times.
        Depth 9 was reached 1 times.
        Depth 10 was reached 0 times.
        Fallback choosing random token happened 1 times.
     Team 1:
        Depth 7 was reached 5 times.
        Depth 9 was reached 7 times.
        Depth 10 was reached 1 times.
        Fallback choosing random token happened 0 times.
     Team 2:
        Depth 7 was reached 8 times.
        Depth 9 was reached 2 times.
        Depth 10 was reached 3 times.
        Fallback choosing random token happened 0 times.
--------------------------------------------------
--------------------------------------------------

 
                  Evaluation. 
                 Player A| Q = 0.31444384136207043 * activeTokens + 0.38412202757461966 * successfulTokens + 0.3014341310633099 * tokenDistanceToBorder (EV: 39.266666666666666)
                 Player B| Q = 0.2816218599280343 * activeTokens + 0.39025177848107173 * successfulTokens + 0.32812636159089403 * tokenDistanceToBorder (EV: 7.0)
                 Player C| Q = 0.3180677403803767 * activeTokens + 0.32550218235829304 * successfulTokens + 0.35643007726133014 * tokenDistanceToBorder (EV: 1.0)

 
          Game over. 
         Player A/ Team 1: 0
         Player B/ Team 0: 5 <--WINNER ON SERVER within 6 turns
         Player C/ Team 2: 0

 
--------------------------------------------------
--------------------------------------------------
Depth report.
     Team 1:
        Depth 7 was reached 2 times.
        Depth 9 was reached 2 times.
        Depth 10 was reached 2 times.
        Fallback choosing random token happened 0 times.
     Team 0:
        Depth 7 was reached 6 times.
        Depth 9 was reached 1 times.
        Depth 10 was reached 0 times.
        Fallback choosing random token happened 0 times.
     Team 2:
        Depth 7 was reached 2 times.
        Depth 9 was reached 1 times.
        Depth 10 was reached 3 times.
        Fallback choosing random token happened 0 times.
--------------------------------------------------
--------------------------------------------------

 
                  Evaluation. 
                 Player A| Q = 0.31444384136207043 * activeTokens + 0.38412202757461966 * successfulTokens + 0.3014341310633099 * tokenDistanceToBorder (EV: 4.0)
                 Player B| Q = 0.2816218599280343 * activeTokens + 0.39025177848107173 * successfulTokens + 0.32812636159089403 * tokenDistanceToBorder (EV: 46.4)
                 Player C| Q = 0.3180677403803767 * activeTokens + 0.32550218235829304 * successfulTokens + 0.35643007726133014 * tokenDistanceToBorder (EV: 4.0)

 
          Game over. 
         Player A/ Team 1: 1
         Player B/ Team 0: 5 <--WINNER ON SERVER within 7 turns
         Player C/ Team 2: 1

 
--------------------------------------------------
--------------------------------------------------
Depth report.
     Team 1:
        Depth 7 was reached 2 times.
        Depth 9 was reached 4 times.
        Depth 10 was reached 1 times.
        Fallback choosing random token happened 0 times.
     Team 0:
        Depth 7 was reached 6 times.
        Depth 9 was reached 1 times.
        Depth 10 was reached 1 times.
        Fallback choosing random token happened 0 times.
     Team 2:
        Depth 7 was reached 3 times.
        Depth 9 was reached 1 times.
        Depth 10 was reached 3 times.
        Fallback choosing random token happened 0 times.
--------------------------------------------------
--------------------------------------------------

 
                  Evaluation. 
                 Player A| Q = 0.31444384136207043 * activeTokens + 0.38412202757461966 * successfulTokens + 0.3014341310633099 * tokenDistanceToBorder (EV: 4.0)
                 Player B| Q = 0.2816218599280343 * activeTokens + 0.39025177848107173 * successfulTokens + 0.32812636159089403 * tokenDistanceToBorder (EV: 44.13333333333333)
                 Player C| Q = 0.3180677403803767 * activeTokens + 0.32550218235829304 * successfulTokens + 0.35643007726133014 * tokenDistanceToBorder (EV: 4.0)

 
          Game over. 
         Player A/ Team 1: 1
         Player B/ Team 0: 5 <--WINNER ON SERVER within 7 turns
         Player C/ Team 2: 1

 
--------------------------------------------------
--------------------------------------------------
Depth report.
     Team 1:
        Depth 7 was reached 2 times.
        Depth 9 was reached 4 times.
        Depth 10 was reached 1 times.
        Fallback choosing random token happened 0 times.
     Team 0:
        Depth 7 was reached 6 times.
        Depth 9 was reached 1 times.
        Depth 10 was reached 1 times.
        Fallback choosing random token happened 0 times.
     Team 2:
        Depth 7 was reached 3 times.
        Depth 9 was reached 1 times.
        Depth 10 was reached 3 times.
        Fallback choosing random token happened 0 times.
--------------------------------------------------
--------------------------------------------------

 
                  Evaluation. 
                 Player A| Q = 0.31444384136207043 * activeTokens + 0.38412202757461966 * successfulTokens + 0.3014341310633099 * tokenDistanceToBorder (EV: 4.0)
                 Player B| Q = 0.2816218599280343 * activeTokens + 0.39025177848107173 * successfulTokens + 0.32812636159089403 * tokenDistanceToBorder (EV: 44.13333333333333)
                 Player C| Q = 0.3180677403803767 * activeTokens + 0.32550218235829304 * successfulTokens + 0.35643007726133014 * tokenDistanceToBorder (EV: 4.0)

 
          Game over. 
         Player A/ Team 1: 1
         Player B/ Team 2: 1
         Player C/ Team 0: 5 <--WINNER ON SERVER within 7 turns

 
--------------------------------------------------
--------------------------------------------------
Depth report.
     Team 1:
        Depth 7 was reached 2 times.
        Depth 9 was reached 4 times.
        Depth 10 was reached 1 times.
        Fallback choosing random token happened 0 times.
     Team 2:
        Depth 7 was reached 3 times.
        Depth 9 was reached 1 times.
        Depth 10 was reached 3 times.
        Fallback choosing random token happened 0 times.
     Team 0:
        Depth 7 was reached 6 times.
        Depth 9 was reached 1 times.
        Depth 10 was reached 1 times.
        Fallback choosing random token happened 0 times.
--------------------------------------------------
--------------------------------------------------

 
                  Evaluation. 
                 Player A| Q = 0.31444384136207043 * activeTokens + 0.38412202757461966 * successfulTokens + 0.3014341310633099 * tokenDistanceToBorder (EV: 4.0)
                 Player B| Q = 0.2816218599280343 * activeTokens + 0.39025177848107173 * successfulTokens + 0.32812636159089403 * tokenDistanceToBorder (EV: 4.0)
                 Player C| Q = 0.3180677403803767 * activeTokens + 0.32550218235829304 * successfulTokens + 0.35643007726133014 * tokenDistanceToBorder (EV: 44.13333333333333)

 
          Game over. 
         Player A/ Team 2: 5 <--WINNER ON SERVER within 12 turns
         Player B/ Team 0: 2
         Player C/ Team 1: 4

 
--------------------------------------------------
--------------------------------------------------
Depth report.
     Team 2:
        Depth 7 was reached 1 times.
        Depth 9 was reached 4 times.
        Depth 10 was reached 7 times.
        Fallback choosing random token happened 0 times.
     Team 0:
        Depth 7 was reached 5 times.
        Depth 9 was reached 3 times.
        Depth 10 was reached 4 times.
        Fallback choosing random token happened 0 times.
     Team 1:
        Depth 7 was reached 2 times.
        Depth 9 was reached 5 times.
        Depth 10 was reached 5 times.
        Fallback choosing random token happened 0 times.
--------------------------------------------------
--------------------------------------------------

 
                  Evaluation. 
                 Player A| Q = 0.31444384136207043 * activeTokens + 0.38412202757461966 * successfulTokens + 0.3014341310633099 * tokenDistanceToBorder (EV: 38.8)
                 Player B| Q = 0.2816218599280343 * activeTokens + 0.39025177848107173 * successfulTokens + 0.32812636159089403 * tokenDistanceToBorder (EV: 2.0)
                 Player C| Q = 0.3180677403803767 * activeTokens + 0.32550218235829304 * successfulTokens + 0.35643007726133014 * tokenDistanceToBorder (EV: 6.0)

 
          Game over. 
         Player A/ Team 0: 5 <--WINNER ON SERVER within 10 turns
         Player B/ Team 2: 0
         Player C/ Team 1: 1

 
--------------------------------------------------
--------------------------------------------------
Depth report.
     Team 0:
        Depth 7 was reached 8 times.
        Depth 9 was reached 2 times.
        Depth 10 was reached 0 times.
        Fallback choosing random token happened 0 times.
     Team 2:
        Depth 7 was reached 8 times.
        Depth 9 was reached 0 times.
        Depth 10 was reached 1 times.
        Fallback choosing random token happened 0 times.
     Team 1:
        Depth 7 was reached 6 times.
        Depth 9 was reached 2 times.
        Depth 10 was reached 1 times.
        Fallback choosing random token happened 0 times.
--------------------------------------------------
--------------------------------------------------

 
                  Evaluation. 
                 Player A| Q = 0.31444384136207043 * activeTokens + 0.38412202757461966 * successfulTokens + 0.3014341310633099 * tokenDistanceToBorder (EV: 44.33333333333333)
                 Player B| Q = 0.2816218599280343 * activeTokens + 0.39025177848107173 * successfulTokens + 0.32812636159089403 * tokenDistanceToBorder (EV: 3.0)
                 Player C| Q = 0.3180677403803767 * activeTokens + 0.32550218235829304 * successfulTokens + 0.35643007726133014 * tokenDistanceToBorder (EV: 5.0)

 
          Game over. 
         Player A/ Team 1: 1
         Player B/ Team 0: 5 <--WINNER ON SERVER within 7 turns
         Player C/ Team 2: 1

 
--------------------------------------------------
--------------------------------------------------
Depth report.
     Team 1:
        Depth 7 was reached 2 times.
        Depth 9 was reached 4 times.
        Depth 10 was reached 1 times.
        Fallback choosing random token happened 0 times.
     Team 0:
        Depth 7 was reached 6 times.
        Depth 9 was reached 1 times.
        Depth 10 was reached 1 times.
        Fallback choosing random token happened 0 times.
     Team 2:
        Depth 7 was reached 3 times.
        Depth 9 was reached 1 times.
        Depth 10 was reached 3 times.
        Fallback choosing random token happened 0 times.
--------------------------------------------------
--------------------------------------------------

 
                  Evaluation. 
                 Player A| Q = 0.31444384136207043 * activeTokens + 0.38412202757461966 * successfulTokens + 0.3014341310633099 * tokenDistanceToBorder (EV: 4.0)
                 Player B| Q = 0.2816218599280343 * activeTokens + 0.39025177848107173 * successfulTokens + 0.32812636159089403 * tokenDistanceToBorder (EV: 44.13333333333333)
                 Player C| Q = 0.3180677403803767 * activeTokens + 0.32550218235829304 * successfulTokens + 0.35643007726133014 * tokenDistanceToBorder (EV: 4.0)

 
          Game over. 
         Player A/ Team 0: 3
         Player B/ Team 1: 5 <--WINNER ON SERVER within 13 turns
         Player C/ Team 2: 0

 
--------------------------------------------------
--------------------------------------------------
Depth report.
     Team 0:
        Depth 7 was reached 11 times.
        Depth 9 was reached 1 times.
        Depth 10 was reached 0 times.
        Fallback choosing random token happened 1 times.
     Team 1:
        Depth 7 was reached 10 times.
        Depth 9 was reached 3 times.
        Depth 10 was reached 0 times.
        Fallback choosing random token happened 0 times.
     Team 2:
        Depth 7 was reached 11 times.
        Depth 9 was reached 0 times.
        Depth 10 was reached 1 times.
        Fallback choosing random token happened 0 times.
--------------------------------------------------
--------------------------------------------------

 
                  Evaluation. 
                 Player A| Q = 0.31444384136207043 * activeTokens + 0.38412202757461966 * successfulTokens + 0.3014341310633099 * tokenDistanceToBorder (EV: 7.0)
                 Player B| Q = 0.2816218599280343 * activeTokens + 0.39025177848107173 * successfulTokens + 0.32812636159089403 * tokenDistanceToBorder (EV: 41.53333333333333)
                 Player C| Q = 0.3180677403803767 * activeTokens + 0.32550218235829304 * successfulTokens + 0.35643007726133014 * tokenDistanceToBorder (EV: 1.0)

 
          Game over. 
         Player A/ Team 1: 1
         Player B/ Team 2: 1
         Player C/ Team 0: 5 <--WINNER ON SERVER within 7 turns

 
--------------------------------------------------
--------------------------------------------------
Depth report.
     Team 1:
        Depth 7 was reached 2 times.
        Depth 9 was reached 4 times.
        Depth 10 was reached 1 times.
        Fallback choosing random token happened 0 times.
     Team 2:
        Depth 7 was reached 3 times.
        Depth 9 was reached 1 times.
        Depth 10 was reached 3 times.
        Fallback choosing random token happened 0 times.
     Team 0:
        Depth 7 was reached 6 times.
        Depth 9 was reached 1 times.
        Depth 10 was reached 1 times.
        Fallback choosing random token happened 0 times.
--------------------------------------------------
--------------------------------------------------

 
                  Evaluation. 
                 Player A| Q = 0.31444384136207043 * activeTokens + 0.38412202757461966 * successfulTokens + 0.3014341310633099 * tokenDistanceToBorder (EV: 4.0)
                 Player B| Q = 0.2816218599280343 * activeTokens + 0.39025177848107173 * successfulTokens + 0.32812636159089403 * tokenDistanceToBorder (EV: 4.0)
                 Player C| Q = 0.3180677403803767 * activeTokens + 0.32550218235829304 * successfulTokens + 0.35643007726133014 * tokenDistanceToBorder (EV: 44.13333333333333)

 
!!!!!!!!!!!!!!!!!!!!!!!!!!!ERROR DETECTED!!!!!!!!!!!!!!!!!!!!!!!!!. 


You got kicked because your move was invalid!



 
INFO: Team 0 lost prematurely (probably because it had no more tokens to play). 


 
          Game over. 
         Player A/ Team 2: 6 <--WINNER ON SERVER within 11 turns
         Player B/ Team 1: 2
         Player C/ Team 0: 2

 
--------------------------------------------------
--------------------------------------------------
Depth report.
     Team 2:
        Depth 7 was reached 0 times.
        Depth 9 was reached 2 times.
        Depth 10 was reached 9 times.
        Fallback choosing random token happened 0 times.
     Team 1:
        Depth 7 was reached 1 times.
        Depth 9 was reached 2 times.
        Depth 10 was reached 8 times.
        Fallback choosing random token happened 0 times.
     Team 0:
        Depth 7 was reached 2 times.
        Depth 9 was reached 2 times.
        Depth 10 was reached 4 times.
        Fallback choosing random token happened 0 times.
--------------------------------------------------
--------------------------------------------------

 
                  Evaluation. 
                 Player A| Q = 0.31444384136207043 * activeTokens + 0.38412202757461966 * successfulTokens + 0.3014341310633099 * tokenDistanceToBorder (EV: 41.06666666666666)
                 Player B| Q = 0.2816218599280343 * activeTokens + 0.39025177848107173 * successfulTokens + 0.32812636159089403 * tokenDistanceToBorder (EV: 4.0)
                 Player C| Q = 0.3180677403803767 * activeTokens + 0.32550218235829304 * successfulTokens + 0.35643007726133014 * tokenDistanceToBorder (EV: 2.0)

 
          Game over. 
         Player A/ Team 2: 0
         Player B/ Team 1: 3
         Player C/ Team 0: 5 <--WINNER ON SERVER within 10 turns

 
--------------------------------------------------
--------------------------------------------------
Depth report.
     Team 2:
        Depth 7 was reached 7 times.
        Depth 9 was reached 0 times.
        Depth 10 was reached 3 times.
        Fallback choosing random token happened 0 times.
     Team 1:
        Depth 7 was reached 3 times.
        Depth 9 was reached 5 times.
        Depth 10 was reached 2 times.
        Fallback choosing random token happened 0 times.
     Team 0:
        Depth 7 was reached 8 times.
        Depth 9 was reached 3 times.
        Depth 10 was reached 0 times.
        Fallback choosing random token happened 0 times.
--------------------------------------------------
--------------------------------------------------

 
                  Evaluation. 
                 Player A| Q = 0.31444384136207043 * activeTokens + 0.38412202757461966 * successfulTokens + 0.3014341310633099 * tokenDistanceToBorder (EV: 1.0)
                 Player B| Q = 0.2816218599280343 * activeTokens + 0.39025177848107173 * successfulTokens + 0.32812636159089403 * tokenDistanceToBorder (EV: 7.0)
                 Player C| Q = 0.3180677403803767 * activeTokens + 0.32550218235829304 * successfulTokens + 0.35643007726133014 * tokenDistanceToBorder (EV: 42.33333333333333)

 
!!!!!!!!!!!!!!!!!!!!!!!!!!!ERROR DETECTED!!!!!!!!!!!!!!!!!!!!!!!!!. 


You got kicked because your move was invalid!



 
INFO: Team 0 lost prematurely (probably because it had no more tokens to play). 


 
          Game over. 
         Player A/ Team 2: 6 <--WINNER ON SERVER within 11 turns
         Player B/ Team 1: 2
         Player C/ Team 0: 2

 
--------------------------------------------------
--------------------------------------------------
Depth report.
     Team 2:
        Depth 7 was reached 0 times.
        Depth 9 was reached 2 times.
        Depth 10 was reached 9 times.
        Fallback choosing random token happened 0 times.
     Team 1:
        Depth 7 was reached 1 times.
        Depth 9 was reached 2 times.
        Depth 10 was reached 8 times.
        Fallback choosing random token happened 0 times.
     Team 0:
        Depth 7 was reached 2 times.
        Depth 9 was reached 2 times.
        Depth 10 was reached 4 times.
        Fallback choosing random token happened 0 times.
--------------------------------------------------
--------------------------------------------------

 
                  Evaluation. 
                 Player A| Q = 0.31444384136207043 * activeTokens + 0.38412202757461966 * successfulTokens + 0.3014341310633099 * tokenDistanceToBorder (EV: 41.06666666666666)
                 Player B| Q = 0.2816218599280343 * activeTokens + 0.39025177848107173 * successfulTokens + 0.32812636159089403 * tokenDistanceToBorder (EV: 4.0)
                 Player C| Q = 0.3180677403803767 * activeTokens + 0.32550218235829304 * successfulTokens + 0.35643007726133014 * tokenDistanceToBorder (EV: 2.0)

 
          Game over. 
         Player A/ Team 0: 5 <--WINNER ON SERVER within 10 turns
         Player B/ Team 2: 0
         Player C/ Team 1: 1

 
--------------------------------------------------
--------------------------------------------------
Depth report.
     Team 0:
        Depth 7 was reached 8 times.
        Depth 9 was reached 2 times.
        Depth 10 was reached 0 times.
        Fallback choosing random token happened 0 times.
     Team 2:
        Depth 7 was reached 8 times.
        Depth 9 was reached 0 times.
        Depth 10 was reached 1 times.
        Fallback choosing random token happened 0 times.
     Team 1:
        Depth 7 was reached 6 times.
        Depth 9 was reached 2 times.
        Depth 10 was reached 1 times.
        Fallback choosing random token happened 0 times.
--------------------------------------------------
--------------------------------------------------

 
                  Evaluation. 
                 Player A| Q = 0.31444384136207043 * activeTokens + 0.38412202757461966 * successfulTokens + 0.3014341310633099 * tokenDistanceToBorder (EV: 44.33333333333333)
                 Player B| Q = 0.2816218599280343 * activeTokens + 0.39025177848107173 * successfulTokens + 0.32812636159089403 * tokenDistanceToBorder (EV: 3.0)
                 Player C| Q = 0.3180677403803767 * activeTokens + 0.32550218235829304 * successfulTokens + 0.35643007726133014 * tokenDistanceToBorder (EV: 5.0)

 
          Game over. 
         Player A/ Team 1: 1
         Player B/ Team 2: 1
         Player C/ Team 0: 5 <--WINNER ON SERVER within 7 turns

 
--------------------------------------------------
--------------------------------------------------
Depth report.
     Team 1:
        Depth 7 was reached 2 times.
        Depth 9 was reached 4 times.
        Depth 10 was reached 1 times.
        Fallback choosing random token happened 0 times.
     Team 2:
        Depth 7 was reached 3 times.
        Depth 9 was reached 1 times.
        Depth 10 was reached 3 times.
        Fallback choosing random token happened 0 times.
     Team 0:
        Depth 7 was reached 6 times.
        Depth 9 was reached 1 times.
        Depth 10 was reached 1 times.
        Fallback choosing random token happened 0 times.
--------------------------------------------------
--------------------------------------------------

 
                  Evaluation. 
                 Player A| Q = 0.31444384136207043 * activeTokens + 0.38412202757461966 * successfulTokens + 0.3014341310633099 * tokenDistanceToBorder (EV: 4.0)
                 Player B| Q = 0.2816218599280343 * activeTokens + 0.39025177848107173 * successfulTokens + 0.32812636159089403 * tokenDistanceToBorder (EV: 4.0)
                 Player C| Q = 0.3180677403803767 * activeTokens + 0.32550218235829304 * successfulTokens + 0.35643007726133014 * tokenDistanceToBorder (EV: 44.13333333333333)

 
          Game over. 
         Player A/ Team 2: 0
         Player B/ Team 1: 0
         Player C/ Team 0: 5 <--WINNER ON SERVER within 7 turns

 
--------------------------------------------------
--------------------------------------------------
Depth report.
     Team 2:
        Depth 7 was reached 3 times.
        Depth 9 was reached 1 times.
        Depth 10 was reached 3 times.
        Fallback choosing random token happened 0 times.
     Team 1:
        Depth 7 was reached 2 times.
        Depth 9 was reached 2 times.
        Depth 10 was reached 3 times.
        Fallback choosing random token happened 0 times.
     Team 0:
        Depth 7 was reached 5 times.
        Depth 9 was reached 2 times.
        Depth 10 was reached 1 times.
        Fallback choosing random token happened 0 times.
--------------------------------------------------
--------------------------------------------------

 
                  Evaluation. 
                 Player A| Q = 0.31444384136207043 * activeTokens + 0.38412202757461966 * successfulTokens + 0.3014341310633099 * tokenDistanceToBorder (EV: 4.0)
                 Player B| Q = 0.2816218599280343 * activeTokens + 0.39025177848107173 * successfulTokens + 0.32812636159089403 * tokenDistanceToBorder (EV: 4.0)
                 Player C| Q = 0.3180677403803767 * activeTokens + 0.32550218235829304 * successfulTokens + 0.35643007726133014 * tokenDistanceToBorder (EV: 46.13333333333333)

 
          Game over. 
         Player A/ Team 1: 1
         Player B/ Team 2: 1
         Player C/ Team 0: 5 <--WINNER ON SERVER within 7 turns

 
--------------------------------------------------
--------------------------------------------------
Depth report.
     Team 1:
        Depth 7 was reached 2 times.
        Depth 9 was reached 4 times.
        Depth 10 was reached 1 times.
        Fallback choosing random token happened 0 times.
     Team 2:
        Depth 7 was reached 3 times.
        Depth 9 was reached 1 times.
        Depth 10 was reached 3 times.
        Fallback choosing random token happened 0 times.
     Team 0:
        Depth 7 was reached 6 times.
        Depth 9 was reached 1 times.
        Depth 10 was reached 1 times.
        Fallback choosing random token happened 0 times.
--------------------------------------------------
--------------------------------------------------

 
                  Evaluation. 
                 Player A| Q = 0.31444384136207043 * activeTokens + 0.38412202757461966 * successfulTokens + 0.3014341310633099 * tokenDistanceToBorder (EV: 4.0)
                 Player B| Q = 0.2816218599280343 * activeTokens + 0.39025177848107173 * successfulTokens + 0.32812636159089403 * tokenDistanceToBorder (EV: 4.0)
                 Player C| Q = 0.3180677403803767 * activeTokens + 0.32550218235829304 * successfulTokens + 0.35643007726133014 * tokenDistanceToBorder (EV: 44.13333333333333)

 
          Game over. 
         Player A/ Team 2: 5 <--WINNER ON SERVER within 9 turns
         Player B/ Team 0: 4
         Player C/ Team 1: 2

 
--------------------------------------------------
--------------------------------------------------
Depth report.
     Team 2:
        Depth 7 was reached 0 times.
        Depth 9 was reached 2 times.
        Depth 10 was reached 7 times.
        Fallback choosing random token happened 0 times.
     Team 0:
        Depth 7 was reached 2 times.
        Depth 9 was reached 2 times.
        Depth 10 was reached 5 times.
        Fallback choosing random token happened 0 times.
     Team 1:
        Depth 7 was reached 1 times.
        Depth 9 was reached 2 times.
        Depth 10 was reached 6 times.
        Fallback choosing random token happened 0 times.
--------------------------------------------------
--------------------------------------------------

 
                  Evaluation. 
                 Player A| Q = 0.31444384136207043 * activeTokens + 0.38412202757461966 * successfulTokens + 0.3014341310633099 * tokenDistanceToBorder (EV: 39.6)
                 Player B| Q = 0.2816218599280343 * activeTokens + 0.39025177848107173 * successfulTokens + 0.32812636159089403 * tokenDistanceToBorder (EV: 6.0)
                 Player C| Q = 0.3180677403803767 * activeTokens + 0.32550218235829304 * successfulTokens + 0.35643007726133014 * tokenDistanceToBorder (EV: 2.0)

 
          Game over. 
         Player A/ Team 0: 1
         Player B/ Team 1: 5 <--WINNER ON SERVER within 9 turns
         Player C/ Team 2: 0

 
--------------------------------------------------
--------------------------------------------------
Depth report.
     Team 0:
        Depth 7 was reached 5 times.
        Depth 9 was reached 1 times.
        Depth 10 was reached 0 times.
        Fallback choosing random token happened 3 times.
     Team 1:
        Depth 7 was reached 8 times.
        Depth 9 was reached 1 times.
        Depth 10 was reached 0 times.
        Fallback choosing random token happened 0 times.
     Team 2:
        Depth 7 was reached 7 times.
        Depth 9 was reached 0 times.
        Depth 10 was reached 1 times.
        Fallback choosing random token happened 0 times.
--------------------------------------------------
--------------------------------------------------

 
                  Evaluation. 
                 Player A| Q = 0.31444384136207043 * activeTokens + 0.38412202757461966 * successfulTokens + 0.3014341310633099 * tokenDistanceToBorder (EV: 5.0)
                 Player B| Q = 0.2816218599280343 * activeTokens + 0.39025177848107173 * successfulTokens + 0.32812636159089403 * tokenDistanceToBorder (EV: 44.6)
                 Player C| Q = 0.3180677403803767 * activeTokens + 0.32550218235829304 * successfulTokens + 0.35643007726133014 * tokenDistanceToBorder (EV: 3.0)

 
          Game over. 
         Player A/ Team 2: 0
         Player B/ Team 1: 2
         Player C/ Team 0: 5 <--WINNER ON SERVER within 10 turns

 
--------------------------------------------------
--------------------------------------------------
Depth report.
     Team 2:
        Depth 7 was reached 6 times.
        Depth 9 was reached 3 times.
        Depth 10 was reached 1 times.
        Fallback choosing random token happened 0 times.
     Team 1:
        Depth 7 was reached 4 times.
        Depth 9 was reached 5 times.
        Depth 10 was reached 1 times.
        Fallback choosing random token happened 0 times.
     Team 0:
        Depth 7 was reached 10 times.
        Depth 9 was reached 1 times.
        Depth 10 was reached 0 times.
        Fallback choosing random token happened 0 times.
--------------------------------------------------
--------------------------------------------------

 
                  Evaluation. 
                 Player A| Q = 0.31444384136207043 * activeTokens + 0.38412202757461966 * successfulTokens + 0.3014341310633099 * tokenDistanceToBorder (EV: 2.0)
                 Player B| Q = 0.2816218599280343 * activeTokens + 0.39025177848107173 * successfulTokens + 0.32812636159089403 * tokenDistanceToBorder (EV: 6.0)
                 Player C| Q = 0.3180677403803767 * activeTokens + 0.32550218235829304 * successfulTokens + 0.35643007726133014 * tokenDistanceToBorder (EV: 43.33333333333333)

 
Calculating medium parameter evaluation from 20 games played. 
[39.266666666666666, 4.0, 4.0, 4.0, 4.0, 38.8, 44.33333333333333, 4.0, 7.0, 4.0, 41.06666666666666, 1.0, 41.06666666666666, 44.33333333333333, 4.0, 4.0, 4.0, 39.6, 5.0, 2.0] ----> Writing medium:Q = 0.31444384136207043 * activeTokens + 0.38412202757461966 * successfulTokens + 0.3014341310633099 * tokenDistanceToBorder (EV: 16.973333333333333)
[7.0, 46.4, 44.13333333333333, 44.13333333333333, 4.0, 2.0, 3.0, 44.13333333333333, 41.53333333333333, 4.0, 4.0, 7.0, 4.0, 3.0, 4.0, 4.0, 4.0, 6.0, 44.6, 6.0] ----> Writing medium:Q = 0.2816218599280343 * activeTokens + 0.39025177848107173 * successfulTokens + 0.32812636159089403 * tokenDistanceToBorder (EV: 16.346666666666668)
[1.0, 4.0, 4.0, 4.0, 44.13333333333333, 6.0, 5.0, 4.0, 1.0, 44.13333333333333, 2.0, 42.33333333333333, 2.0, 5.0, 44.13333333333333, 46.13333333333333, 44.13333333333333, 2.0, 3.0, 43.33333333333333] ----> Writing medium:Q = 0.3180677403803767 * activeTokens + 0.32550218235829304 * successfulTokens + 0.35643007726133014 * tokenDistanceToBorder (EV: 17.566666666666663)

 
          Game over. 
         Player A/ Team 1: 5 <--WINNER ON SERVER within 11 turns
         Player B/ Team 2: 1
         Player C/ Team 0: 4

 
--------------------------------------------------
--------------------------------------------------
Depth report.
     Team 1:
        Depth 7 was reached 3 times.
        Depth 9 was reached 6 times.
        Depth 10 was reached 2 times.
        Fallback choosing random token happened 0 times.
     Team 2:
        Depth 7 was reached 4 times.
        Depth 9 was reached 1 times.
        Depth 10 was reached 5 times.
        Fallback choosing random token happened 0 times.
     Team 0:
        Depth 7 was reached 6 times.
        Depth 9 was reached 2 times.
        Depth 10 was reached 3 times.
        Fallback choosing random token happened 0 times.
--------------------------------------------------
--------------------------------------------------

 
                  Evaluation. 
                 Player A| Q = 0.3036599754070674 * activeTokens + 0.41472077090277315 * successfulTokens + 0.28161925369015944 * tokenDistanceToBorder (EV: 40.06666666666666)
                 Player B| Q = 0.28739891970186304 * activeTokens + 0.29628731967654826 * successfulTokens + 0.4163137606215887 * tokenDistanceToBorder (EV: 1.0)
                 Player C| Q = 0.3116703251945932 * activeTokens + 0.39984790125974706 * successfulTokens + 0.2884817735456598 * tokenDistanceToBorder (EV: 7.0)

 
          Game over. 
         Player A/ Team 1: 1
         Player B/ Team 0: 5 <--WINNER ON SERVER within 8 turns
         Player C/ Team 2: 0

 
--------------------------------------------------
--------------------------------------------------
Depth report.
     Team 1:
        Depth 7 was reached 2 times.
        Depth 9 was reached 5 times.
        Depth 10 was reached 1 times.
        Fallback choosing random token happened 0 times.
     Team 0:
        Depth 7 was reached 5 times.
        Depth 9 was reached 2 times.
        Depth 10 was reached 2 times.
        Fallback choosing random token happened 0 times.
     Team 2:
        Depth 7 was reached 5 times.
        Depth 9 was reached 1 times.
        Depth 10 was reached 2 times.
        Fallback choosing random token happened 0 times.
--------------------------------------------------
--------------------------------------------------

 
                  Evaluation. 
                 Player A| Q = 0.3036599754070674 * activeTokens + 0.41472077090277315 * successfulTokens + 0.28161925369015944 * tokenDistanceToBorder (EV: 5.0)
                 Player B| Q = 0.28739891970186304 * activeTokens + 0.29628731967654826 * successfulTokens + 0.4163137606215887 * tokenDistanceToBorder (EV: 44.86666666666667)
                 Player C| Q = 0.3116703251945932 * activeTokens + 0.39984790125974706 * successfulTokens + 0.2884817735456598 * tokenDistanceToBorder (EV: 3.0)

 
          Game over. 
         Player A/ Team 2: 0
         Player B/ Team 1: 0
         Player C/ Team 0: 5 <--WINNER ON SERVER within 8 turns

 
--------------------------------------------------
--------------------------------------------------
Depth report.
     Team 2:
        Depth 7 was reached 6 times.
        Depth 9 was reached 2 times.
        Depth 10 was reached 0 times.
        Fallback choosing random token happened 0 times.
     Team 1:
        Depth 7 was reached 3 times.
        Depth 9 was reached 5 times.
        Depth 10 was reached 0 times.
        Fallback choosing random token happened 0 times.
     Team 0:
        Depth 7 was reached 8 times.
        Depth 9 was reached 1 times.
        Depth 10 was reached 0 times.
        Fallback choosing random token happened 0 times.
--------------------------------------------------
--------------------------------------------------

 
                  Evaluation. 
                 Player A| Q = 0.3036599754070674 * activeTokens + 0.41472077090277315 * successfulTokens + 0.28161925369015944 * tokenDistanceToBorder (EV: 4.0)
                 Player B| Q = 0.28739891970186304 * activeTokens + 0.29628731967654826 * successfulTokens + 0.4163137606215887 * tokenDistanceToBorder (EV: 4.0)
                 Player C| Q = 0.3116703251945932 * activeTokens + 0.39984790125974706 * successfulTokens + 0.2884817735456598 * tokenDistanceToBorder (EV: 45.86666666666667)

 
          Game over. 
         Player A/ Team 2: 0
         Player B/ Team 0: 5 <--WINNER ON SERVER within 8 turns
         Player C/ Team 1: 1

 
--------------------------------------------------
--------------------------------------------------
Depth report.
     Team 2:
        Depth 7 was reached 5 times.
        Depth 9 was reached 1 times.
        Depth 10 was reached 2 times.
        Fallback choosing random token happened 0 times.
     Team 0:
        Depth 7 was reached 4 times.
        Depth 9 was reached 3 times.
        Depth 10 was reached 2 times.
        Fallback choosing random token happened 0 times.
     Team 1:
        Depth 7 was reached 2 times.
        Depth 9 was reached 5 times.
        Depth 10 was reached 1 times.
        Fallback choosing random token happened 0 times.
--------------------------------------------------
--------------------------------------------------

 
                  Evaluation. 
                 Player A| Q = 0.3036599754070674 * activeTokens + 0.41472077090277315 * successfulTokens + 0.28161925369015944 * tokenDistanceToBorder (EV: 3.0)
                 Player B| Q = 0.28739891970186304 * activeTokens + 0.29628731967654826 * successfulTokens + 0.4163137606215887 * tokenDistanceToBorder (EV: 44.86666666666667)
                 Player C| Q = 0.3116703251945932 * activeTokens + 0.39984790125974706 * successfulTokens + 0.2884817735456598 * tokenDistanceToBorder (EV: 5.0)

 
!!!!!!!!!!!!!!!!!!!!!!!!!!!ERROR DETECTED!!!!!!!!!!!!!!!!!!!!!!!!!. 


You got kicked because your move was invalid!



 
INFO: Team 2 lost prematurely (probably because it had no more tokens to play). 


 
          Game over. 
         Player A/ Team 2: 1
         Player B/ Team 0: 6 <--WINNER ON SERVER within 11 turns
         Player C/ Team 1: 1

 
--------------------------------------------------
--------------------------------------------------
Depth report.
     Team 2:
        Depth 7 was reached 4 times.
        Depth 9 was reached 1 times.
        Depth 10 was reached 5 times.
        Fallback choosing random token happened 0 times.
     Team 0:
        Depth 7 was reached 4 times.
        Depth 9 was reached 3 times.
        Depth 10 was reached 6 times.
        Fallback choosing random token happened 0 times.
     Team 1:
        Depth 7 was reached 2 times.
        Depth 9 was reached 4 times.
        Depth 10 was reached 6 times.
        Fallback choosing random token happened 0 times.
--------------------------------------------------
--------------------------------------------------

 
                  Evaluation. 
                 Player A| Q = 0.3036599754070674 * activeTokens + 0.41472077090277315 * successfulTokens + 0.28161925369015944 * tokenDistanceToBorder (EV: 3.0)
                 Player B| Q = 0.28739891970186304 * activeTokens + 0.29628731967654826 * successfulTokens + 0.4163137606215887 * tokenDistanceToBorder (EV: 43.06666666666666)
                 Player C| Q = 0.3116703251945932 * activeTokens + 0.39984790125974706 * successfulTokens + 0.2884817735456598 * tokenDistanceToBorder (EV: 4.0)

 
          Game over. 
         Player A/ Team 1: 5 <--WINNER ON SERVER within 11 turns
         Player B/ Team 2: 1
         Player C/ Team 0: 4

 
--------------------------------------------------
--------------------------------------------------
Depth report.
     Team 1:
        Depth 7 was reached 3 times.
        Depth 9 was reached 6 times.
        Depth 10 was reached 2 times.
        Fallback choosing random token happened 0 times.
     Team 2:
