
 
----------------------------------------------------------------------
 Starting Generation (Number: 17).
 
Creating mutations. 
High Mutations: [0.0452, -0.0667, 0.0215][0.0676, -0.0945, 0.0269][-0.0464, 0.0345, 0.0119]
Low_Mutations: [0.0, 0.0, 0.0][-0.03284, 0.06458, -0.03174][0.07008, 0.07768, -0.14776]
 
Recombination. 
Parent: Q = 0.3180677403803767 * activeTokens + 0.32550218235829304 * successfulTokens + 0.35643007726133014 * tokenDistanceToBorder (EV: 16.063333333333333)
Child: Q = 0.30110643357310146 * activeTokens + 0.3432800536391655 * successfulTokens + 0.3556135127877332 * tokenDistanceToBorder (EV: 0.0)
Child: Q = 0.3452279086273313 * activeTokens + 0.2781715937693173 * successfulTokens + 0.3766004976033513 * tokenDistanceToBorder (EV: 0.0)
Parent: Q = 0.2860609384897607 * activeTokens + 0.39827044650467025 * successfulTokens + 0.31566861500556914 * tokenDistanceToBorder (EV: 17.806666666666665)
Child: Q = 0.26905003444078035 * activeTokens + 0.40631909919231085 * successfulTokens + 0.3246308663669088 * tokenDistanceToBorder (EV: 0.0)
Child: Q = 0.3670934183887196 * activeTokens + 0.2510349343333087 * successfulTokens + 0.3818716472779717 * tokenDistanceToBorder (EV: 0.0)
Parent: Q = 0.30085910856511056 * activeTokens + 0.3055352473658112 * successfulTokens + 0.3936056440690783 * tokenDistanceToBorder (EV: 18.37666666666667)
Child: Q = 0.36951424268373045 * activeTokens + 0.41910651784740843 * successfulTokens + 0.21137923946886106 * tokenDistanceToBorder (EV: 0.0)
Child: Q = 0.25581359192451136 * activeTokens + 0.376956843227018 * successfulTokens + 0.36722956484847064 * tokenDistanceToBorder (EV: 0.0)

 
          Game over. 
         Player A/ Team 0: 5 <--WINNER ON SERVER within 10 turns
         Player B/ Team 1: 1
         Player C/ Team 2: 0

 
--------------------------------------------------
--------------------------------------------------
Depth report.
     Team 0:
        Depth 7 was reached 8 times.
        Depth 9 was reached 2 times.
        Depth 10 was reached 0 times.
        Fallback choosing random token happened 0 times.
     Team 1:
        Depth 7 was reached 5 times.
        Depth 9 was reached 3 times.
        Depth 10 was reached 1 times.
        Fallback choosing random token happened 0 times.
     Team 2:
        Depth 7 was reached 5 times.
        Depth 9 was reached 1 times.
        Depth 10 was reached 3 times.
        Fallback choosing random token happened 0 times.
--------------------------------------------------
--------------------------------------------------

 
                  Evaluation. 
                 Player A| Q = 0.3180677403803767 * activeTokens + 0.32550218235829304 * successfulTokens + 0.35643007726133014 * tokenDistanceToBorder (EV: 44.33333333333333)
                 Player B| Q = 0.30110643357310146 * activeTokens + 0.3432800536391655 * successfulTokens + 0.3556135127877332 * tokenDistanceToBorder (EV: 5.0)
                 Player C| Q = 0.3452279086273313 * activeTokens + 0.2781715937693173 * successfulTokens + 0.3766004976033513 * tokenDistanceToBorder (EV: 3.0)

 
          Game over. 
         Player A/ Team 2: 0
         Player B/ Team 0: 5 <--WINNER ON SERVER within 8 turns
         Player C/ Team 1: 0

 
--------------------------------------------------
--------------------------------------------------
Depth report.
     Team 2:
        Depth 7 was reached 2 times.
        Depth 9 was reached 3 times.
        Depth 10 was reached 3 times.
        Fallback choosing random token happened 0 times.
     Team 0:
        Depth 7 was reached 6 times.
        Depth 9 was reached 2 times.
        Depth 10 was reached 1 times.
        Fallback choosing random token happened 0 times.
     Team 1:
        Depth 7 was reached 3 times.
        Depth 9 was reached 3 times.
        Depth 10 was reached 2 times.
        Fallback choosing random token happened 0 times.
--------------------------------------------------
--------------------------------------------------

 
                  Evaluation. 
                 Player A| Q = 0.3180677403803767 * activeTokens + 0.32550218235829304 * successfulTokens + 0.35643007726133014 * tokenDistanceToBorder (EV: 4.0)
                 Player B| Q = 0.30110643357310146 * activeTokens + 0.3432800536391655 * successfulTokens + 0.3556135127877332 * tokenDistanceToBorder (EV: 45.86666666666667)
                 Player C| Q = 0.3452279086273313 * activeTokens + 0.2781715937693173 * successfulTokens + 0.3766004976033513 * tokenDistanceToBorder (EV: 4.0)

 
          Game over. 
         Player A/ Team 1: 0
         Player B/ Team 2: 0
         Player C/ Team 0: 5 <--WINNER ON SERVER within 7 turns

 
--------------------------------------------------
--------------------------------------------------
Depth report.
     Team 1:
        Depth 7 was reached 2 times.
        Depth 9 was reached 1 times.
        Depth 10 was reached 4 times.
        Fallback choosing random token happened 0 times.
     Team 2:
        Depth 7 was reached 1 times.
        Depth 9 was reached 2 times.
        Depth 10 was reached 4 times.
        Fallback choosing random token happened 0 times.
     Team 0:
        Depth 7 was reached 4 times.
        Depth 9 was reached 2 times.
        Depth 10 was reached 2 times.
        Fallback choosing random token happened 0 times.
--------------------------------------------------
--------------------------------------------------

 
                  Evaluation. 
                 Player A| Q = 0.3180677403803767 * activeTokens + 0.32550218235829304 * successfulTokens + 0.35643007726133014 * tokenDistanceToBorder (EV: 4.0)
                 Player B| Q = 0.30110643357310146 * activeTokens + 0.3432800536391655 * successfulTokens + 0.3556135127877332 * tokenDistanceToBorder (EV: 4.0)
                 Player C| Q = 0.3452279086273313 * activeTokens + 0.2781715937693173 * successfulTokens + 0.3766004976033513 * tokenDistanceToBorder (EV: 46.13333333333333)

 
          Game over. 
         Player A/ Team 1: 5 <--WINNER ON SERVER within 10 turns
         Player B/ Team 2: 0
         Player C/ Team 0: 2

 
--------------------------------------------------
--------------------------------------------------
Depth report.
     Team 1:
        Depth 7 was reached 3 times.
        Depth 9 was reached 3 times.
        Depth 10 was reached 4 times.
        Fallback choosing random token happened 0 times.
     Team 2:
        Depth 7 was reached 2 times.
        Depth 9 was reached 2 times.
        Depth 10 was reached 5 times.
        Fallback choosing random token happened 0 times.
     Team 0:
        Depth 7 was reached 7 times.
        Depth 9 was reached 3 times.
        Depth 10 was reached 0 times.
        Fallback choosing random token happened 0 times.
--------------------------------------------------
--------------------------------------------------

 
                  Evaluation. 
                 Player A| Q = 0.3180677403803767 * activeTokens + 0.32550218235829304 * successfulTokens + 0.35643007726133014 * tokenDistanceToBorder (EV: 43.33333333333333)
                 Player B| Q = 0.30110643357310146 * activeTokens + 0.3432800536391655 * successfulTokens + 0.3556135127877332 * tokenDistanceToBorder (EV: 2.0)
                 Player C| Q = 0.3452279086273313 * activeTokens + 0.2781715937693173 * successfulTokens + 0.3766004976033513 * tokenDistanceToBorder (EV: 6.0)

 
          Game over. 
         Player A/ Team 2: 0
         Player B/ Team 1: 0
         Player C/ Team 0: 5 <--WINNER ON SERVER within 7 turns

 
--------------------------------------------------
--------------------------------------------------
Depth report.
     Team 2:
        Depth 7 was reached 1 times.
        Depth 9 was reached 2 times.
        Depth 10 was reached 4 times.
        Fallback choosing random token happened 0 times.
     Team 1:
        Depth 7 was reached 2 times.
        Depth 9 was reached 1 times.
        Depth 10 was reached 4 times.
        Fallback choosing random token happened 0 times.
     Team 0:
        Depth 7 was reached 4 times.
        Depth 9 was reached 2 times.
        Depth 10 was reached 2 times.
        Fallback choosing random token happened 0 times.
--------------------------------------------------
--------------------------------------------------

 
                  Evaluation. 
                 Player A| Q = 0.3180677403803767 * activeTokens + 0.32550218235829304 * successfulTokens + 0.35643007726133014 * tokenDistanceToBorder (EV: 4.0)
                 Player B| Q = 0.30110643357310146 * activeTokens + 0.3432800536391655 * successfulTokens + 0.3556135127877332 * tokenDistanceToBorder (EV: 4.0)
                 Player C| Q = 0.3452279086273313 * activeTokens + 0.2781715937693173 * successfulTokens + 0.3766004976033513 * tokenDistanceToBorder (EV: 46.13333333333333)

 
          Game over. 
         Player A/ Team 0: 5 <--WINNER ON SERVER within 8 turns
         Player B/ Team 2: 0
         Player C/ Team 1: 0

 
--------------------------------------------------
--------------------------------------------------
Depth report.
     Team 0:
        Depth 7 was reached 3 times.
        Depth 9 was reached 3 times.
        Depth 10 was reached 2 times.
        Fallback choosing random token happened 0 times.
     Team 2:
        Depth 7 was reached 1 times.
        Depth 9 was reached 2 times.
        Depth 10 was reached 4 times.
        Fallback choosing random token happened 0 times.
     Team 1:
        Depth 7 was reached 2 times.
        Depth 9 was reached 1 times.
        Depth 10 was reached 4 times.
        Fallback choosing random token happened 0 times.
--------------------------------------------------
--------------------------------------------------

 
                  Evaluation. 
                 Player A| Q = 0.3180677403803767 * activeTokens + 0.32550218235829304 * successfulTokens + 0.35643007726133014 * tokenDistanceToBorder (EV: 45.86666666666667)
                 Player B| Q = 0.30110643357310146 * activeTokens + 0.3432800536391655 * successfulTokens + 0.3556135127877332 * tokenDistanceToBorder (EV: 4.0)
                 Player C| Q = 0.3452279086273313 * activeTokens + 0.2781715937693173 * successfulTokens + 0.3766004976033513 * tokenDistanceToBorder (EV: 4.0)

 
          Game over. 
         Player A/ Team 0: 5 <--WINNER ON SERVER within 9 turns
         Player B/ Team 2: 0
         Player C/ Team 1: 1

 
--------------------------------------------------
--------------------------------------------------
Depth report.
     Team 0:
        Depth 7 was reached 6 times.
        Depth 9 was reached 2 times.
        Depth 10 was reached 1 times.
        Fallback choosing random token happened 0 times.
     Team 2:
        Depth 7 was reached 3 times.
        Depth 9 was reached 1 times.
        Depth 10 was reached 4 times.
        Fallback choosing random token happened 0 times.
     Team 1:
        Depth 7 was reached 2 times.
        Depth 9 was reached 5 times.
        Depth 10 was reached 1 times.
        Fallback choosing random token happened 0 times.
--------------------------------------------------
--------------------------------------------------

 
                  Evaluation. 
                 Player A| Q = 0.3180677403803767 * activeTokens + 0.32550218235829304 * successfulTokens + 0.35643007726133014 * tokenDistanceToBorder (EV: 44.6)
                 Player B| Q = 0.30110643357310146 * activeTokens + 0.3432800536391655 * successfulTokens + 0.3556135127877332 * tokenDistanceToBorder (EV: 3.0)
                 Player C| Q = 0.3452279086273313 * activeTokens + 0.2781715937693173 * successfulTokens + 0.3766004976033513 * tokenDistanceToBorder (EV: 5.0)

 
          Game over. 
         Player A/ Team 0: 5 <--WINNER ON SERVER within 7 turns
         Player B/ Team 2: 0
         Player C/ Team 1: 0

 
--------------------------------------------------
--------------------------------------------------
Depth report.
     Team 0:
        Depth 7 was reached 6 times.
        Depth 9 was reached 1 times.
        Depth 10 was reached 0 times.
        Fallback choosing random token happened 0 times.
     Team 2:
        Depth 7 was reached 3 times.
        Depth 9 was reached 2 times.
        Depth 10 was reached 1 times.
        Fallback choosing random token happened 0 times.
     Team 1:
        Depth 7 was reached 1 times.
        Depth 9 was reached 3 times.
        Depth 10 was reached 2 times.
        Fallback choosing random token happened 0 times.
--------------------------------------------------
--------------------------------------------------

 
                  Evaluation. 
                 Player A| Q = 0.3180677403803767 * activeTokens + 0.32550218235829304 * successfulTokens + 0.35643007726133014 * tokenDistanceToBorder (EV: 46.13333333333333)
                 Player B| Q = 0.30110643357310146 * activeTokens + 0.3432800536391655 * successfulTokens + 0.3556135127877332 * tokenDistanceToBorder (EV: 4.0)
                 Player C| Q = 0.3452279086273313 * activeTokens + 0.2781715937693173 * successfulTokens + 0.3766004976033513 * tokenDistanceToBorder (EV: 4.0)

 
          Game over. 
         Player A/ Team 2: 0
         Player B/ Team 1: 0
         Player C/ Team 0: 5 <--WINNER ON SERVER within 7 turns

 
--------------------------------------------------
--------------------------------------------------
Depth report.
     Team 2:
        Depth 7 was reached 1 times.
        Depth 9 was reached 1 times.
        Depth 10 was reached 5 times.
        Fallback choosing random token happened 0 times.
     Team 1:
        Depth 7 was reached 2 times.
        Depth 9 was reached 1 times.
        Depth 10 was reached 4 times.
        Fallback choosing random token happened 0 times.
     Team 0:
        Depth 7 was reached 4 times.
        Depth 9 was reached 2 times.
        Depth 10 was reached 2 times.
        Fallback choosing random token happened 0 times.
--------------------------------------------------
--------------------------------------------------

 
                  Evaluation. 
                 Player A| Q = 0.3180677403803767 * activeTokens + 0.32550218235829304 * successfulTokens + 0.35643007726133014 * tokenDistanceToBorder (EV: 4.0)
                 Player B| Q = 0.30110643357310146 * activeTokens + 0.3432800536391655 * successfulTokens + 0.3556135127877332 * tokenDistanceToBorder (EV: 4.0)
                 Player C| Q = 0.3452279086273313 * activeTokens + 0.2781715937693173 * successfulTokens + 0.3766004976033513 * tokenDistanceToBorder (EV: 46.13333333333333)

 
          Game over. 
         Player A/ Team 2: 0
         Player B/ Team 0: 5 <--WINNER ON SERVER within 7 turns
         Player C/ Team 1: 0

 
--------------------------------------------------
--------------------------------------------------
Depth report.
     Team 2:
        Depth 7 was reached 6 times.
        Depth 9 was reached 0 times.
        Depth 10 was reached 1 times.
        Fallback choosing random token happened 0 times.
     Team 0:
        Depth 7 was reached 5 times.
        Depth 9 was reached 3 times.
        Depth 10 was reached 0 times.
        Fallback choosing random token happened 0 times.
     Team 1:
        Depth 7 was reached 1 times.
        Depth 9 was reached 4 times.
        Depth 10 was reached 2 times.
        Fallback choosing random token happened 0 times.
--------------------------------------------------
--------------------------------------------------

 
                  Evaluation. 
                 Player A| Q = 0.3180677403803767 * activeTokens + 0.32550218235829304 * successfulTokens + 0.35643007726133014 * tokenDistanceToBorder (EV: 4.0)
                 Player B| Q = 0.30110643357310146 * activeTokens + 0.3432800536391655 * successfulTokens + 0.3556135127877332 * tokenDistanceToBorder (EV: 46.13333333333333)
                 Player C| Q = 0.3452279086273313 * activeTokens + 0.2781715937693173 * successfulTokens + 0.3766004976033513 * tokenDistanceToBorder (EV: 4.0)

 
          Game over. 
         Player A/ Team 2: 0
         Player B/ Team 0: 5 <--WINNER ON SERVER within 8 turns
         Player C/ Team 1: 0

 
--------------------------------------------------
--------------------------------------------------
Depth report.
     Team 2:
        Depth 7 was reached 2 times.
        Depth 9 was reached 3 times.
        Depth 10 was reached 3 times.
        Fallback choosing random token happened 0 times.
     Team 0:
        Depth 7 was reached 6 times.
        Depth 9 was reached 2 times.
        Depth 10 was reached 1 times.
        Fallback choosing random token happened 0 times.
     Team 1:
        Depth 7 was reached 3 times.
        Depth 9 was reached 3 times.
        Depth 10 was reached 2 times.
        Fallback choosing random token happened 0 times.
--------------------------------------------------
--------------------------------------------------

 
                  Evaluation. 
                 Player A| Q = 0.3180677403803767 * activeTokens + 0.32550218235829304 * successfulTokens + 0.35643007726133014 * tokenDistanceToBorder (EV: 4.0)
                 Player B| Q = 0.30110643357310146 * activeTokens + 0.3432800536391655 * successfulTokens + 0.3556135127877332 * tokenDistanceToBorder (EV: 45.86666666666667)
                 Player C| Q = 0.3452279086273313 * activeTokens + 0.2781715937693173 * successfulTokens + 0.3766004976033513 * tokenDistanceToBorder (EV: 4.0)

 
          Game over. 
         Player A/ Team 2: 0
         Player B/ Team 0: 5 <--WINNER ON SERVER within 7 turns
         Player C/ Team 1: 0

 
--------------------------------------------------
--------------------------------------------------
Depth report.
     Team 2:
        Depth 7 was reached 1 times.
        Depth 9 was reached 1 times.
        Depth 10 was reached 5 times.
        Fallback choosing random token happened 0 times.
     Team 0:
        Depth 7 was reached 3 times.
        Depth 9 was reached 3 times.
        Depth 10 was reached 2 times.
        Fallback choosing random token happened 0 times.
     Team 1:
        Depth 7 was reached 2 times.
        Depth 9 was reached 1 times.
        Depth 10 was reached 4 times.
        Fallback choosing random token happened 0 times.
--------------------------------------------------
--------------------------------------------------

 
                  Evaluation. 
                 Player A| Q = 0.3180677403803767 * activeTokens + 0.32550218235829304 * successfulTokens + 0.35643007726133014 * tokenDistanceToBorder (EV: 4.0)
                 Player B| Q = 0.30110643357310146 * activeTokens + 0.3432800536391655 * successfulTokens + 0.3556135127877332 * tokenDistanceToBorder (EV: 46.13333333333333)
                 Player C| Q = 0.3452279086273313 * activeTokens + 0.2781715937693173 * successfulTokens + 0.3766004976033513 * tokenDistanceToBorder (EV: 4.0)

 
          Game over. 
         Player A/ Team 2: 0
         Player B/ Team 0: 5 <--WINNER ON SERVER within 6 turns
         Player C/ Team 1: 0

 
--------------------------------------------------
--------------------------------------------------
Depth report.
     Team 2:
        Depth 7 was reached 3 times.
        Depth 9 was reached 2 times.
        Depth 10 was reached 1 times.
        Fallback choosing random token happened 0 times.
     Team 0:
        Depth 7 was reached 6 times.
        Depth 9 was reached 1 times.
        Depth 10 was reached 0 times.
        Fallback choosing random token happened 0 times.
     Team 1:
        Depth 7 was reached 1 times.
        Depth 9 was reached 3 times.
        Depth 10 was reached 2 times.
        Fallback choosing random token happened 0 times.
--------------------------------------------------
--------------------------------------------------

 
                  Evaluation. 
                 Player A| Q = 0.3180677403803767 * activeTokens + 0.32550218235829304 * successfulTokens + 0.35643007726133014 * tokenDistanceToBorder (EV: 4.0)
                 Player B| Q = 0.30110643357310146 * activeTokens + 0.3432800536391655 * successfulTokens + 0.3556135127877332 * tokenDistanceToBorder (EV: 46.4)
                 Player C| Q = 0.3452279086273313 * activeTokens + 0.2781715937693173 * successfulTokens + 0.3766004976033513 * tokenDistanceToBorder (EV: 4.0)

 
          Game over. 
         Player A/ Team 1: 0
         Player B/ Team 2: 0
         Player C/ Team 0: 5 <--WINNER ON SERVER within 6 turns

 
--------------------------------------------------
--------------------------------------------------
Depth report.
     Team 1:
        Depth 7 was reached 1 times.
        Depth 9 was reached 3 times.
        Depth 10 was reached 2 times.
        Fallback choosing random token happened 0 times.
     Team 2:
        Depth 7 was reached 3 times.
        Depth 9 was reached 2 times.
        Depth 10 was reached 1 times.
        Fallback choosing random token happened 0 times.
     Team 0:
        Depth 7 was reached 6 times.
        Depth 9 was reached 1 times.
        Depth 10 was reached 0 times.
        Fallback choosing random token happened 0 times.
--------------------------------------------------
--------------------------------------------------

 
                  Evaluation. 
                 Player A| Q = 0.3180677403803767 * activeTokens + 0.32550218235829304 * successfulTokens + 0.35643007726133014 * tokenDistanceToBorder (EV: 4.0)
                 Player B| Q = 0.30110643357310146 * activeTokens + 0.3432800536391655 * successfulTokens + 0.3556135127877332 * tokenDistanceToBorder (EV: 4.0)
                 Player C| Q = 0.3452279086273313 * activeTokens + 0.2781715937693173 * successfulTokens + 0.3766004976033513 * tokenDistanceToBorder (EV: 46.4)

 
          Game over. 
         Player A/ Team 0: 5 <--WINNER ON SERVER within 8 turns
         Player B/ Team 2: 0
         Player C/ Team 1: 0

 
--------------------------------------------------
--------------------------------------------------
Depth report.
     Team 0:
        Depth 7 was reached 4 times.
        Depth 9 was reached 2 times.
        Depth 10 was reached 2 times.
        Fallback choosing random token happened 0 times.
     Team 2:
        Depth 7 was reached 1 times.
        Depth 9 was reached 2 times.
        Depth 10 was reached 4 times.
        Fallback choosing random token happened 0 times.
     Team 1:
        Depth 7 was reached 2 times.
        Depth 9 was reached 1 times.
        Depth 10 was reached 4 times.
        Fallback choosing random token happened 0 times.
--------------------------------------------------
--------------------------------------------------

 
                  Evaluation. 
                 Player A| Q = 0.3180677403803767 * activeTokens + 0.32550218235829304 * successfulTokens + 0.35643007726133014 * tokenDistanceToBorder (EV: 45.86666666666667)
                 Player B| Q = 0.30110643357310146 * activeTokens + 0.3432800536391655 * successfulTokens + 0.3556135127877332 * tokenDistanceToBorder (EV: 4.0)
                 Player C| Q = 0.3452279086273313 * activeTokens + 0.2781715937693173 * successfulTokens + 0.3766004976033513 * tokenDistanceToBorder (EV: 4.0)

 
          Game over. 
         Player A/ Team 0: 5 <--WINNER ON SERVER within 7 turns
         Player B/ Team 2: 0
         Player C/ Team 1: 0

 
--------------------------------------------------
--------------------------------------------------
Depth report.
     Team 0:
        Depth 7 was reached 6 times.
        Depth 9 was reached 1 times.
        Depth 10 was reached 0 times.
        Fallback choosing random token happened 0 times.
     Team 2:
        Depth 7 was reached 3 times.
        Depth 9 was reached 2 times.
        Depth 10 was reached 1 times.
        Fallback choosing random token happened 0 times.
     Team 1:
        Depth 7 was reached 1 times.
        Depth 9 was reached 3 times.
        Depth 10 was reached 2 times.
        Fallback choosing random token happened 0 times.
--------------------------------------------------
--------------------------------------------------

 
                  Evaluation. 
                 Player A| Q = 0.3180677403803767 * activeTokens + 0.32550218235829304 * successfulTokens + 0.35643007726133014 * tokenDistanceToBorder (EV: 46.13333333333333)
                 Player B| Q = 0.30110643357310146 * activeTokens + 0.3432800536391655 * successfulTokens + 0.3556135127877332 * tokenDistanceToBorder (EV: 4.0)
                 Player C| Q = 0.3452279086273313 * activeTokens + 0.2781715937693173 * successfulTokens + 0.3766004976033513 * tokenDistanceToBorder (EV: 4.0)

 
          Game over. 
         Player A/ Team 0: 5 <--WINNER ON SERVER within 8 turns
         Player B/ Team 2: 0
         Player C/ Team 1: 0

 
--------------------------------------------------
--------------------------------------------------
Depth report.
     Team 0:
        Depth 7 was reached 4 times.
        Depth 9 was reached 2 times.
        Depth 10 was reached 2 times.
        Fallback choosing random token happened 0 times.
     Team 2:
        Depth 7 was reached 1 times.
        Depth 9 was reached 2 times.
        Depth 10 was reached 4 times.
        Fallback choosing random token happened 0 times.
     Team 1:
        Depth 7 was reached 2 times.
        Depth 9 was reached 1 times.
        Depth 10 was reached 4 times.
        Fallback choosing random token happened 0 times.
--------------------------------------------------
--------------------------------------------------

 
                  Evaluation. 
                 Player A| Q = 0.3180677403803767 * activeTokens + 0.32550218235829304 * successfulTokens + 0.35643007726133014 * tokenDistanceToBorder (EV: 45.86666666666667)
                 Player B| Q = 0.30110643357310146 * activeTokens + 0.3432800536391655 * successfulTokens + 0.3556135127877332 * tokenDistanceToBorder (EV: 4.0)
                 Player C| Q = 0.3452279086273313 * activeTokens + 0.2781715937693173 * successfulTokens + 0.3766004976033513 * tokenDistanceToBorder (EV: 4.0)

 
          Game over. 
         Player A/ Team 1: 0
         Player B/ Team 0: 5 <--WINNER ON SERVER within 8 turns
         Player C/ Team 2: 0

 
--------------------------------------------------
--------------------------------------------------
Depth report.
     Team 1:
        Depth 7 was reached 3 times.
        Depth 9 was reached 4 times.
        Depth 10 was reached 1 times.
        Fallback choosing random token happened 0 times.
     Team 0:
        Depth 7 was reached 6 times.
        Depth 9 was reached 3 times.
        Depth 10 was reached 0 times.
        Fallback choosing random token happened 0 times.
     Team 2:
        Depth 7 was reached 5 times.
        Depth 9 was reached 1 times.
        Depth 10 was reached 2 times.
        Fallback choosing random token happened 0 times.
--------------------------------------------------
--------------------------------------------------

 
                  Evaluation. 
                 Player A| Q = 0.3180677403803767 * activeTokens + 0.32550218235829304 * successfulTokens + 0.35643007726133014 * tokenDistanceToBorder (EV: 4.0)
                 Player B| Q = 0.30110643357310146 * activeTokens + 0.3432800536391655 * successfulTokens + 0.3556135127877332 * tokenDistanceToBorder (EV: 45.86666666666667)
                 Player C| Q = 0.3452279086273313 * activeTokens + 0.2781715937693173 * successfulTokens + 0.3766004976033513 * tokenDistanceToBorder (EV: 4.0)

 
          Game over. 
         Player A/ Team 1: 1
         Player B/ Team 2: 1
         Player C/ Team 0: 5 <--WINNER ON SERVER within 7 turns

 
--------------------------------------------------
--------------------------------------------------
Depth report.
     Team 1:
        Depth 7 was reached 2 times.
        Depth 9 was reached 2 times.
        Depth 10 was reached 3 times.
        Fallback choosing random token happened 0 times.
     Team 2:
        Depth 7 was reached 2 times.
        Depth 9 was reached 1 times.
        Depth 10 was reached 4 times.
        Fallback choosing random token happened 0 times.
     Team 0:
        Depth 7 was reached 3 times.
        Depth 9 was reached 3 times.
        Depth 10 was reached 2 times.
        Fallback choosing random token happened 0 times.
--------------------------------------------------
--------------------------------------------------

 
                  Evaluation. 
                 Player A| Q = 0.3180677403803767 * activeTokens + 0.32550218235829304 * successfulTokens + 0.35643007726133014 * tokenDistanceToBorder (EV: 4.0)
                 Player B| Q = 0.30110643357310146 * activeTokens + 0.3432800536391655 * successfulTokens + 0.3556135127877332 * tokenDistanceToBorder (EV: 4.0)
                 Player C| Q = 0.3452279086273313 * activeTokens + 0.2781715937693173 * successfulTokens + 0.3766004976033513 * tokenDistanceToBorder (EV: 44.13333333333333)

 
          Game over. 
         Player A/ Team 2: 0
         Player B/ Team 0: 5 <--WINNER ON SERVER within 7 turns
         Player C/ Team 1: 0

 
--------------------------------------------------
--------------------------------------------------
Depth report.
     Team 2:
        Depth 7 was reached 1 times.
        Depth 9 was reached 2 times.
        Depth 10 was reached 4 times.
        Fallback choosing random token happened 0 times.
     Team 0:
        Depth 7 was reached 4 times.
        Depth 9 was reached 2 times.
        Depth 10 was reached 2 times.
        Fallback choosing random token happened 0 times.
     Team 1:
        Depth 7 was reached 2 times.
        Depth 9 was reached 1 times.
        Depth 10 was reached 4 times.
        Fallback choosing random token happened 0 times.
--------------------------------------------------
--------------------------------------------------

 
                  Evaluation. 
                 Player A| Q = 0.3180677403803767 * activeTokens + 0.32550218235829304 * successfulTokens + 0.35643007726133014 * tokenDistanceToBorder (EV: 4.0)
                 Player B| Q = 0.30110643357310146 * activeTokens + 0.3432800536391655 * successfulTokens + 0.3556135127877332 * tokenDistanceToBorder (EV: 46.13333333333333)
                 Player C| Q = 0.3452279086273313 * activeTokens + 0.2781715937693173 * successfulTokens + 0.3766004976033513 * tokenDistanceToBorder (EV: 4.0)

 
Calculating medium parameter evaluation from 20 games played. 
[44.33333333333333, 4.0, 4.0, 43.33333333333333, 4.0, 45.86666666666667, 44.6, 46.13333333333333, 4.0, 4.0, 4.0, 4.0, 4.0, 4.0, 45.86666666666667, 46.13333333333333, 45.86666666666667, 4.0, 4.0, 4.0] ----> Writing medium:Q = 0.3180677403803767 * activeTokens + 0.32550218235829304 * successfulTokens + 0.35643007726133014 * tokenDistanceToBorder (EV: 20.506666666666668)
[5.0, 45.86666666666667, 4.0, 2.0, 4.0, 4.0, 3.0, 4.0, 4.0, 46.13333333333333, 45.86666666666667, 46.13333333333333, 46.4, 4.0, 4.0, 4.0, 4.0, 45.86666666666667, 4.0, 46.13333333333333] ----> Writing medium:Q = 0.30110643357310146 * activeTokens + 0.3432800536391655 * successfulTokens + 0.3556135127877332 * tokenDistanceToBorder (EV: 18.619999999999997)
[3.0, 4.0, 46.13333333333333, 6.0, 46.13333333333333, 4.0, 5.0, 4.0, 46.13333333333333, 4.0, 4.0, 4.0, 4.0, 46.4, 4.0, 4.0, 4.0, 4.0, 44.13333333333333, 4.0] ----> Writing medium:Q = 0.3452279086273313 * activeTokens + 0.2781715937693173 * successfulTokens + 0.3766004976033513 * tokenDistanceToBorder (EV: 14.546666666666667)

 
          Game over. 
         Player A/ Team 0: 6 <--WINNER ON SERVER within 10 turns
         Player B/ Team 1: 4
         Player C/ Team 2: 1

 
--------------------------------------------------
--------------------------------------------------
Depth report.
     Team 0:
        Depth 7 was reached 8 times.
        Depth 9 was reached 2 times.
        Depth 10 was reached 0 times.
        Fallback choosing random token happened 0 times.
     Team 1:
        Depth 7 was reached 4 times.
        Depth 9 was reached 3 times.
        Depth 10 was reached 2 times.
        Fallback choosing random token happened 0 times.
     Team 2:
        Depth 7 was reached 6 times.
        Depth 9 was reached 2 times.
        Depth 10 was reached 1 times.
        Fallback choosing random token happened 0 times.
--------------------------------------------------
--------------------------------------------------

 
                  Evaluation. 
                 Player A| Q = 0.2860609384897607 * activeTokens + 0.39827044650467025 * successfulTokens + 0.31566861500556914 * tokenDistanceToBorder (EV: 40.33333333333333)
                 Player B| Q = 0.26905003444078035 * activeTokens + 0.40631909919231085 * successfulTokens + 0.3246308663669088 * tokenDistanceToBorder (EV: 7.0)
                 Player C| Q = 0.3670934183887196 * activeTokens + 0.2510349343333087 * successfulTokens + 0.3818716472779717 * tokenDistanceToBorder (EV: 1.0)

 
          Game over. 
         Player A/ Team 2: 0
         Player B/ Team 0: 5 <--WINNER ON SERVER within 7 turns
         Player C/ Team 1: 0

 
--------------------------------------------------
--------------------------------------------------
Depth report.
     Team 2:
        Depth 7 was reached 1 times.
        Depth 9 was reached 2 times.
        Depth 10 was reached 4 times.
        Fallback choosing random token happened 0 times.
     Team 0:
        Depth 7 was reached 4 times.
        Depth 9 was reached 3 times.
        Depth 10 was reached 1 times.
        Fallback choosing random token happened 0 times.
     Team 1:
        Depth 7 was reached 2 times.
        Depth 9 was reached 1 times.
        Depth 10 was reached 4 times.
        Fallback choosing random token happened 0 times.
--------------------------------------------------
--------------------------------------------------

 
                  Evaluation. 
                 Player A| Q = 0.2860609384897607 * activeTokens + 0.39827044650467025 * successfulTokens + 0.31566861500556914 * tokenDistanceToBorder (EV: 4.0)
                 Player B| Q = 0.26905003444078035 * activeTokens + 0.40631909919231085 * successfulTokens + 0.3246308663669088 * tokenDistanceToBorder (EV: 46.13333333333333)
                 Player C| Q = 0.3670934183887196 * activeTokens + 0.2510349343333087 * successfulTokens + 0.3818716472779717 * tokenDistanceToBorder (EV: 4.0)

 
          Game over. 
         Player A/ Team 0: 5 <--WINNER ON SERVER within 8 turns
         Player B/ Team 2: 0
         Player C/ Team 1: 0

 
--------------------------------------------------
--------------------------------------------------
Depth report.
     Team 0:
        Depth 7 was reached 4 times.
        Depth 9 was reached 2 times.
        Depth 10 was reached 2 times.
        Fallback choosing random token happened 0 times.
     Team 2:
        Depth 7 was reached 1 times.
        Depth 9 was reached 1 times.
        Depth 10 was reached 5 times.
        Fallback choosing random token happened 0 times.
     Team 1:
        Depth 7 was reached 2 times.
        Depth 9 was reached 1 times.
        Depth 10 was reached 4 times.
        Fallback choosing random token happened 0 times.
--------------------------------------------------
--------------------------------------------------

 
                  Evaluation. 
                 Player A| Q = 0.2860609384897607 * activeTokens + 0.39827044650467025 * successfulTokens + 0.31566861500556914 * tokenDistanceToBorder (EV: 45.86666666666667)
                 Player B| Q = 0.26905003444078035 * activeTokens + 0.40631909919231085 * successfulTokens + 0.3246308663669088 * tokenDistanceToBorder (EV: 4.0)
                 Player C| Q = 0.3670934183887196 * activeTokens + 0.2510349343333087 * successfulTokens + 0.3818716472779717 * tokenDistanceToBorder (EV: 4.0)

 
          Game over. 
         Player A/ Team 2: 0
         Player B/ Team 0: 5 <--WINNER ON SERVER within 7 turns
         Player C/ Team 1: 0

 
--------------------------------------------------
--------------------------------------------------
Depth report.
     Team 2:
        Depth 7 was reached 1 times.
        Depth 9 was reached 1 times.
        Depth 10 was reached 5 times.
        Fallback choosing random token happened 0 times.
     Team 0:
        Depth 7 was reached 4 times.
        Depth 9 was reached 2 times.
        Depth 10 was reached 2 times.
        Fallback choosing random token happened 0 times.
     Team 1:
        Depth 7 was reached 2 times.
        Depth 9 was reached 1 times.
        Depth 10 was reached 4 times.
        Fallback choosing random token happened 0 times.
--------------------------------------------------
--------------------------------------------------

 
                  Evaluation. 
                 Player A| Q = 0.2860609384897607 * activeTokens + 0.39827044650467025 * successfulTokens + 0.31566861500556914 * tokenDistanceToBorder (EV: 4.0)
                 Player B| Q = 0.26905003444078035 * activeTokens + 0.40631909919231085 * successfulTokens + 0.3246308663669088 * tokenDistanceToBorder (EV: 46.13333333333333)
                 Player C| Q = 0.3670934183887196 * activeTokens + 0.2510349343333087 * successfulTokens + 0.3818716472779717 * tokenDistanceToBorder (EV: 4.0)

 
          Game over. 
         Player A/ Team 2: 1
         Player B/ Team 0: 5 <--WINNER ON SERVER within 12 turns
         Player C/ Team 1: 2

 
--------------------------------------------------
--------------------------------------------------
Depth report.
     Team 2:
        Depth 7 was reached 4 times.
        Depth 9 was reached 3 times.
        Depth 10 was reached 5 times.
        Fallback choosing random token happened 0 times.
     Team 0:
        Depth 7 was reached 6 times.
        Depth 9 was reached 5 times.
        Depth 10 was reached 2 times.
        Fallback choosing random token happened 0 times.
     Team 1:
        Depth 7 was reached 1 times.
        Depth 9 was reached 6 times.
        Depth 10 was reached 5 times.
        Fallback choosing random token happened 0 times.
--------------------------------------------------
--------------------------------------------------

 
                  Evaluation. 
                 Player A| Q = 0.2860609384897607 * activeTokens + 0.39827044650467025 * successfulTokens + 0.31566861500556914 * tokenDistanceToBorder (EV: 3.0)
                 Player B| Q = 0.26905003444078035 * activeTokens + 0.40631909919231085 * successfulTokens + 0.3246308663669088 * tokenDistanceToBorder (EV: 41.8)
                 Player C| Q = 0.3670934183887196 * activeTokens + 0.2510349343333087 * successfulTokens + 0.3818716472779717 * tokenDistanceToBorder (EV: 5.0)

 
          Game over. 
         Player A/ Team 1: 0
         Player B/ Team 2: 0
         Player C/ Team 0: 5 <--WINNER ON SERVER within 7 turns

 
--------------------------------------------------
--------------------------------------------------
Depth report.
     Team 1:
        Depth 7 was reached 2 times.
        Depth 9 was reached 1 times.
        Depth 10 was reached 4 times.
        Fallback choosing random token happened 0 times.
     Team 2:
        Depth 7 was reached 1 times.
        Depth 9 was reached 1 times.
        Depth 10 was reached 5 times.
        Fallback choosing random token happened 0 times.
     Team 0:
        Depth 7 was reached 4 times.
        Depth 9 was reached 2 times.
        Depth 10 was reached 2 times.
        Fallback choosing random token happened 0 times.
--------------------------------------------------
--------------------------------------------------

 
                  Evaluation. 
                 Player A| Q = 0.2860609384897607 * activeTokens + 0.39827044650467025 * successfulTokens + 0.31566861500556914 * tokenDistanceToBorder (EV: 4.0)
