
 
----------------------------------------------------------------------
 Starting Generation (Number: 2).
 
Creating mutations. 
High Mutations: [0.0376, -0.0668, 0.0292][0.031, 0.0099, -0.0409][-0.0326, -0.0041, 0.0367]
Low_Mutations: [0.0, 0.0, 0.0][0.00596, -0.09694, 0.09098][0.04874, -0.07396, 0.02522]
 
Recombination. 
Parent: Q = 0.16472406200346199 * activeTokens + 0.43522441315702426 * successfulTokens + 0.4000515248395138 * tokenDistanceToBorder (EV: 11.756666666666666)
Child: Q = 0.18607932875903352 * activeTokens + 0.461727920810054 * successfulTokens + 0.35219275043091247 * tokenDistanceToBorder (EV: 0.0)
Child: Q = 0.22216943649654577 * activeTokens + 0.3976103889785163 * successfulTokens + 0.38022017452493795 * tokenDistanceToBorder (EV: 0.0)
Parent: Q = 0.14000664023793186 * activeTokens + 0.512711568691821 * successfulTokens + 0.3472817910702471 * tokenDistanceToBorder (EV: 15.809999999999999)
Child: Q = 0.19179999477274556 * activeTokens + 0.368680712191053 * successfulTokens + 0.4395192930362014 * tokenDistanceToBorder (EV: 0.0)
Child: Q = 0.2158344707766633 * activeTokens + 0.4712303693898777 * successfulTokens + 0.31293515983345904 * tokenDistanceToBorder (EV: 0.0)
Parent: Q = 0.2277887379148158 * activeTokens + 0.440672197543768 * successfulTokens + 0.33153906454141624 * tokenDistanceToBorder (EV: 23.483333333333334)
Child: Q = 0.23286209075707467 * activeTokens + 0.3907379110157347 * successfulTokens + 0.37639999822719067 * tokenDistanceToBorder (EV: 0.0)
Child: Q = 0.1547884374759777 * activeTokens + 0.45779256331739976 * successfulTokens + 0.3874189992066226 * tokenDistanceToBorder (EV: 0.0)

 
          Game over. 
         Player A/ Team 0: 6 <--WINNER ON SERVER within 8 turns
         Player B/ Team 2: 0
         Player C/ Team 1: 1

 
--------------------------------------------------
--------------------------------------------------
Depth report.
     Team 0:
        Depth 7 was reached 6 times.
        Depth 9 was reached 2 times.
        Depth 10 was reached 0 times.
        Fallback choosing random token happened 0 times.
     Team 2:
        Depth 7 was reached 5 times.
        Depth 9 was reached 1 times.
        Depth 10 was reached 1 times.
        Fallback choosing random token happened 0 times.
     Team 1:
        Depth 7 was reached 2 times.
        Depth 9 was reached 4 times.
        Depth 10 was reached 1 times.
        Fallback choosing random token happened 0 times.
--------------------------------------------------
--------------------------------------------------

 
                  Evaluation. 
                 Player A| Q = 0.16472406200346199 * activeTokens + 0.43522441315702426 * successfulTokens + 0.4000515248395138 * tokenDistanceToBorder (EV: 44.86666666666667)
                 Player B| Q = 0.18607932875903352 * activeTokens + 0.461727920810054 * successfulTokens + 0.35219275043091247 * tokenDistanceToBorder (EV: 3.0)
                 Player C| Q = 0.22216943649654577 * activeTokens + 0.3976103889785163 * successfulTokens + 0.38022017452493795 * tokenDistanceToBorder (EV: 5.0)

 
!!!!!!!!!!!!!!!!!!!!!!!!!!!ERROR DETECTED!!!!!!!!!!!!!!!!!!!!!!!!!. 


You got kicked because your move was invalid!



 
INFO: Team 2 lost prematurely (probably because it had no more tokens to play). 


 
          Game over. 
         Player A/ Team 2: 2
         Player B/ Team 1: 1
         Player C/ Team 0: 5 <--WINNER ON SERVER within 8 turns

 
--------------------------------------------------
--------------------------------------------------
Depth report.
     Team 2:
        Depth 7 was reached 1 times.
        Depth 9 was reached 4 times.
        Depth 10 was reached 2 times.
        Fallback choosing random token happened 0 times.
     Team 1:
        Depth 7 was reached 2 times.
        Depth 9 was reached 4 times.
        Depth 10 was reached 2 times.
        Fallback choosing random token happened 0 times.
     Team 0:
        Depth 7 was reached 4 times.
        Depth 9 was reached 3 times.
        Depth 10 was reached 2 times.
        Fallback choosing random token happened 0 times.
--------------------------------------------------
--------------------------------------------------

 
                  Evaluation. 
                 Player A| Q = 0.16472406200346199 * activeTokens + 0.43522441315702426 * successfulTokens + 0.4000515248395138 * tokenDistanceToBorder (EV: 3.0)
                 Player B| Q = 0.18607932875903352 * activeTokens + 0.461727920810054 * successfulTokens + 0.35219275043091247 * tokenDistanceToBorder (EV: 3.0)
                 Player C| Q = 0.22216943649654577 * activeTokens + 0.3976103889785163 * successfulTokens + 0.38022017452493795 * tokenDistanceToBorder (EV: 42.86666666666667)

 
          Game over. 
         Player A/ Team 0: 6 <--WINNER ON SERVER within 8 turns
         Player B/ Team 1: 1
         Player C/ Team 2: 0

 
--------------------------------------------------
--------------------------------------------------
Depth report.
     Team 0:
        Depth 7 was reached 6 times.
        Depth 9 was reached 2 times.
        Depth 10 was reached 0 times.
        Fallback choosing random token happened 0 times.
     Team 1:
        Depth 7 was reached 2 times.
        Depth 9 was reached 4 times.
        Depth 10 was reached 1 times.
        Fallback choosing random token happened 0 times.
     Team 2:
        Depth 7 was reached 4 times.
        Depth 9 was reached 2 times.
        Depth 10 was reached 1 times.
        Fallback choosing random token happened 0 times.
--------------------------------------------------
--------------------------------------------------

 
                  Evaluation. 
                 Player A| Q = 0.16472406200346199 * activeTokens + 0.43522441315702426 * successfulTokens + 0.4000515248395138 * tokenDistanceToBorder (EV: 44.86666666666667)
                 Player B| Q = 0.18607932875903352 * activeTokens + 0.461727920810054 * successfulTokens + 0.35219275043091247 * tokenDistanceToBorder (EV: 5.0)
                 Player C| Q = 0.22216943649654577 * activeTokens + 0.3976103889785163 * successfulTokens + 0.38022017452493795 * tokenDistanceToBorder (EV: 3.0)

 
!!!!!!!!!!!!!!!!!!!!!!!!!!!ERROR DETECTED!!!!!!!!!!!!!!!!!!!!!!!!!. 


You got kicked because your move was invalid!



 
INFO: Team 2 lost prematurely (probably because it had no more tokens to play). 


 
          Game over. 
         Player A/ Team 2: 2
         Player B/ Team 1: 1
         Player C/ Team 0: 5 <--WINNER ON SERVER within 8 turns

 
--------------------------------------------------
--------------------------------------------------
Depth report.
     Team 2:
        Depth 7 was reached 1 times.
        Depth 9 was reached 4 times.
        Depth 10 was reached 2 times.
        Fallback choosing random token happened 0 times.
     Team 1:
        Depth 7 was reached 2 times.
        Depth 9 was reached 4 times.
        Depth 10 was reached 2 times.
        Fallback choosing random token happened 0 times.
     Team 0:
        Depth 7 was reached 3 times.
        Depth 9 was reached 4 times.
        Depth 10 was reached 2 times.
        Fallback choosing random token happened 0 times.
--------------------------------------------------
--------------------------------------------------

 
                  Evaluation. 
                 Player A| Q = 0.16472406200346199 * activeTokens + 0.43522441315702426 * successfulTokens + 0.4000515248395138 * tokenDistanceToBorder (EV: 3.0)
                 Player B| Q = 0.18607932875903352 * activeTokens + 0.461727920810054 * successfulTokens + 0.35219275043091247 * tokenDistanceToBorder (EV: 3.0)
                 Player C| Q = 0.22216943649654577 * activeTokens + 0.3976103889785163 * successfulTokens + 0.38022017452493795 * tokenDistanceToBorder (EV: 42.86666666666667)

 
          Game over. 
         Player A/ Team 0: 4
         Player B/ Team 2: 0
         Player C/ Team 1: 5 <--WINNER ON SERVER within 10 turns

 
--------------------------------------------------
--------------------------------------------------
Depth report.
     Team 0:
        Depth 7 was reached 5 times.
        Depth 9 was reached 5 times.
        Depth 10 was reached 0 times.
        Fallback choosing random token happened 0 times.
     Team 2:
        Depth 7 was reached 3 times.
        Depth 9 was reached 1 times.
        Depth 10 was reached 5 times.
        Fallback choosing random token happened 0 times.
     Team 1:
        Depth 7 was reached 3 times.
        Depth 9 was reached 4 times.
        Depth 10 was reached 3 times.
        Fallback choosing random token happened 0 times.
--------------------------------------------------
--------------------------------------------------

 
                  Evaluation. 
                 Player A| Q = 0.16472406200346199 * activeTokens + 0.43522441315702426 * successfulTokens + 0.4000515248395138 * tokenDistanceToBorder (EV: 8.0)
                 Player B| Q = 0.18607932875903352 * activeTokens + 0.461727920810054 * successfulTokens + 0.35219275043091247 * tokenDistanceToBorder (EV: 0.0)
                 Player C| Q = 0.22216943649654577 * activeTokens + 0.3976103889785163 * successfulTokens + 0.38022017452493795 * tokenDistanceToBorder (EV: 41.33333333333333)

 
          Game over. 
         Player A/ Team 1: 0
         Player B/ Team 0: 5 <--WINNER ON SERVER within 6 turns
         Player C/ Team 2: 1

 
--------------------------------------------------
--------------------------------------------------
Depth report.
     Team 1:
        Depth 7 was reached 2 times.
        Depth 9 was reached 2 times.
        Depth 10 was reached 2 times.
        Fallback choosing random token happened 0 times.
     Team 0:
        Depth 7 was reached 2 times.
        Depth 9 was reached 4 times.
        Depth 10 was reached 1 times.
        Fallback choosing random token happened 0 times.
     Team 2:
        Depth 7 was reached 2 times.
        Depth 9 was reached 0 times.
        Depth 10 was reached 4 times.
        Fallback choosing random token happened 0 times.
--------------------------------------------------
--------------------------------------------------

 
                  Evaluation. 
                 Player A| Q = 0.16472406200346199 * activeTokens + 0.43522441315702426 * successfulTokens + 0.4000515248395138 * tokenDistanceToBorder (EV: 3.0)
                 Player B| Q = 0.18607932875903352 * activeTokens + 0.461727920810054 * successfulTokens + 0.35219275043091247 * tokenDistanceToBorder (EV: 45.4)
                 Player C| Q = 0.22216943649654577 * activeTokens + 0.3976103889785163 * successfulTokens + 0.38022017452493795 * tokenDistanceToBorder (EV: 5.0)

 
!!!!!!!!!!!!!!!!!!!!!!!!!!!ERROR DETECTED!!!!!!!!!!!!!!!!!!!!!!!!!. 


You got kicked because your move was invalid!



 
INFO: Team 2 lost prematurely (probably because it had no more tokens to play). 


 
          Game over. 
         Player A/ Team 2: 2
         Player B/ Team 1: 1
         Player C/ Team 0: 5 <--WINNER ON SERVER within 8 turns

 
--------------------------------------------------
--------------------------------------------------
Depth report.
     Team 2:
        Depth 7 was reached 1 times.
        Depth 9 was reached 4 times.
        Depth 10 was reached 2 times.
        Fallback choosing random token happened 0 times.
     Team 1:
        Depth 7 was reached 2 times.
        Depth 9 was reached 4 times.
        Depth 10 was reached 2 times.
        Fallback choosing random token happened 0 times.
     Team 0:
        Depth 7 was reached 4 times.
        Depth 9 was reached 3 times.
        Depth 10 was reached 2 times.
        Fallback choosing random token happened 0 times.
--------------------------------------------------
--------------------------------------------------

 
                  Evaluation. 
                 Player A| Q = 0.16472406200346199 * activeTokens + 0.43522441315702426 * successfulTokens + 0.4000515248395138 * tokenDistanceToBorder (EV: 3.0)
                 Player B| Q = 0.18607932875903352 * activeTokens + 0.461727920810054 * successfulTokens + 0.35219275043091247 * tokenDistanceToBorder (EV: 3.0)
                 Player C| Q = 0.22216943649654577 * activeTokens + 0.3976103889785163 * successfulTokens + 0.38022017452493795 * tokenDistanceToBorder (EV: 42.86666666666667)

 
          Game over. 
         Player A/ Team 1: 1
         Player B/ Team 2: 2
         Player C/ Team 0: 6 <--WINNER ON SERVER within 7 turns

 
--------------------------------------------------
--------------------------------------------------
Depth report.
     Team 1:
        Depth 7 was reached 4 times.
        Depth 9 was reached 1 times.
        Depth 10 was reached 2 times.
        Fallback choosing random token happened 0 times.
     Team 2:
        Depth 7 was reached 2 times.
        Depth 9 was reached 2 times.
        Depth 10 was reached 3 times.
        Fallback choosing random token happened 0 times.
     Team 0:
        Depth 7 was reached 4 times.
        Depth 9 was reached 2 times.
        Depth 10 was reached 2 times.
        Fallback choosing random token happened 0 times.
--------------------------------------------------
--------------------------------------------------

 
                  Evaluation. 
                 Player A| Q = 0.16472406200346199 * activeTokens + 0.43522441315702426 * successfulTokens + 0.4000515248395138 * tokenDistanceToBorder (EV: 3.0)
                 Player B| Q = 0.18607932875903352 * activeTokens + 0.461727920810054 * successfulTokens + 0.35219275043091247 * tokenDistanceToBorder (EV: 5.0)
                 Player C| Q = 0.22216943649654577 * activeTokens + 0.3976103889785163 * successfulTokens + 0.38022017452493795 * tokenDistanceToBorder (EV: 43.13333333333333)

 
          Game over. 
         Player A/ Team 0: 6 <--WINNER ON SERVER within 8 turns
         Player B/ Team 2: 0
         Player C/ Team 1: 1

 
--------------------------------------------------
--------------------------------------------------
Depth report.
     Team 0:
        Depth 7 was reached 6 times.
        Depth 9 was reached 2 times.
        Depth 10 was reached 0 times.
        Fallback choosing random token happened 0 times.
     Team 2:
        Depth 7 was reached 4 times.
        Depth 9 was reached 2 times.
        Depth 10 was reached 1 times.
        Fallback choosing random token happened 0 times.
     Team 1:
        Depth 7 was reached 2 times.
        Depth 9 was reached 4 times.
        Depth 10 was reached 1 times.
        Fallback choosing random token happened 0 times.
--------------------------------------------------
--------------------------------------------------

 
                  Evaluation. 
                 Player A| Q = 0.16472406200346199 * activeTokens + 0.43522441315702426 * successfulTokens + 0.4000515248395138 * tokenDistanceToBorder (EV: 44.86666666666667)
                 Player B| Q = 0.18607932875903352 * activeTokens + 0.461727920810054 * successfulTokens + 0.35219275043091247 * tokenDistanceToBorder (EV: 3.0)
                 Player C| Q = 0.22216943649654577 * activeTokens + 0.3976103889785163 * successfulTokens + 0.38022017452493795 * tokenDistanceToBorder (EV: 5.0)

 
          Game over. 
         Player A/ Team 1: 1
         Player B/ Team 0: 6 <--WINNER ON SERVER within 7 turns
         Player C/ Team 2: 2

 
--------------------------------------------------
--------------------------------------------------
Depth report.
     Team 1:
        Depth 7 was reached 4 times.
        Depth 9 was reached 1 times.
        Depth 10 was reached 2 times.
        Fallback choosing random token happened 0 times.
     Team 0:
        Depth 7 was reached 4 times.
        Depth 9 was reached 2 times.
        Depth 10 was reached 2 times.
        Fallback choosing random token happened 0 times.
     Team 2:
        Depth 7 was reached 2 times.
        Depth 9 was reached 1 times.
        Depth 10 was reached 4 times.
        Fallback choosing random token happened 0 times.
--------------------------------------------------
--------------------------------------------------

 
                  Evaluation. 
                 Player A| Q = 0.16472406200346199 * activeTokens + 0.43522441315702426 * successfulTokens + 0.4000515248395138 * tokenDistanceToBorder (EV: 3.0)
                 Player B| Q = 0.18607932875903352 * activeTokens + 0.461727920810054 * successfulTokens + 0.35219275043091247 * tokenDistanceToBorder (EV: 43.13333333333333)
                 Player C| Q = 0.22216943649654577 * activeTokens + 0.3976103889785163 * successfulTokens + 0.38022017452493795 * tokenDistanceToBorder (EV: 5.0)

 
          Game over. 
         Player A/ Team 1: 1
         Player B/ Team 0: 6 <--WINNER ON SERVER within 7 turns
         Player C/ Team 2: 2

 
--------------------------------------------------
--------------------------------------------------
Depth report.
     Team 1:
        Depth 7 was reached 4 times.
        Depth 9 was reached 1 times.
        Depth 10 was reached 2 times.
        Fallback choosing random token happened 0 times.
     Team 0:
        Depth 7 was reached 4 times.
        Depth 9 was reached 2 times.
        Depth 10 was reached 2 times.
        Fallback choosing random token happened 0 times.
     Team 2:
        Depth 7 was reached 2 times.
        Depth 9 was reached 1 times.
        Depth 10 was reached 4 times.
        Fallback choosing random token happened 0 times.
--------------------------------------------------
--------------------------------------------------

 
                  Evaluation. 
                 Player A| Q = 0.16472406200346199 * activeTokens + 0.43522441315702426 * successfulTokens + 0.4000515248395138 * tokenDistanceToBorder (EV: 3.0)
                 Player B| Q = 0.18607932875903352 * activeTokens + 0.461727920810054 * successfulTokens + 0.35219275043091247 * tokenDistanceToBorder (EV: 43.13333333333333)
                 Player C| Q = 0.22216943649654577 * activeTokens + 0.3976103889785163 * successfulTokens + 0.38022017452493795 * tokenDistanceToBorder (EV: 5.0)

 
          Game over. 
         Player A/ Team 1: 1
         Player B/ Team 0: 6 <--WINNER ON SERVER within 7 turns
         Player C/ Team 2: 2

 
--------------------------------------------------
--------------------------------------------------
Depth report.
     Team 1:
        Depth 7 was reached 4 times.
        Depth 9 was reached 1 times.
        Depth 10 was reached 2 times.
        Fallback choosing random token happened 0 times.
     Team 0:
        Depth 7 was reached 4 times.
        Depth 9 was reached 2 times.
        Depth 10 was reached 2 times.
        Fallback choosing random token happened 0 times.
     Team 2:
        Depth 7 was reached 2 times.
        Depth 9 was reached 2 times.
        Depth 10 was reached 3 times.
        Fallback choosing random token happened 0 times.
--------------------------------------------------
--------------------------------------------------

 
                  Evaluation. 
                 Player A| Q = 0.16472406200346199 * activeTokens + 0.43522441315702426 * successfulTokens + 0.4000515248395138 * tokenDistanceToBorder (EV: 3.0)
                 Player B| Q = 0.18607932875903352 * activeTokens + 0.461727920810054 * successfulTokens + 0.35219275043091247 * tokenDistanceToBorder (EV: 43.13333333333333)
                 Player C| Q = 0.22216943649654577 * activeTokens + 0.3976103889785163 * successfulTokens + 0.38022017452493795 * tokenDistanceToBorder (EV: 5.0)

 
          Game over. 
         Player A/ Team 0: 6 <--WINNER ON SERVER within 8 turns
         Player B/ Team 1: 1
         Player C/ Team 2: 0

 
--------------------------------------------------
--------------------------------------------------
Depth report.
     Team 0:
        Depth 7 was reached 6 times.
        Depth 9 was reached 2 times.
        Depth 10 was reached 0 times.
        Fallback choosing random token happened 0 times.
     Team 1:
        Depth 7 was reached 2 times.
        Depth 9 was reached 4 times.
        Depth 10 was reached 1 times.
        Fallback choosing random token happened 0 times.
     Team 2:
        Depth 7 was reached 5 times.
        Depth 9 was reached 1 times.
        Depth 10 was reached 1 times.
        Fallback choosing random token happened 0 times.
--------------------------------------------------
--------------------------------------------------

 
                  Evaluation. 
                 Player A| Q = 0.16472406200346199 * activeTokens + 0.43522441315702426 * successfulTokens + 0.4000515248395138 * tokenDistanceToBorder (EV: 44.86666666666667)
                 Player B| Q = 0.18607932875903352 * activeTokens + 0.461727920810054 * successfulTokens + 0.35219275043091247 * tokenDistanceToBorder (EV: 5.0)
                 Player C| Q = 0.22216943649654577 * activeTokens + 0.3976103889785163 * successfulTokens + 0.38022017452493795 * tokenDistanceToBorder (EV: 3.0)

 
          Game over. 
         Player A/ Team 0: 6 <--WINNER ON SERVER within 8 turns
         Player B/ Team 2: 0
         Player C/ Team 1: 1

 
--------------------------------------------------
--------------------------------------------------
Depth report.
     Team 0:
        Depth 7 was reached 6 times.
        Depth 9 was reached 2 times.
        Depth 10 was reached 0 times.
        Fallback choosing random token happened 0 times.
     Team 2:
        Depth 7 was reached 4 times.
        Depth 9 was reached 2 times.
        Depth 10 was reached 1 times.
        Fallback choosing random token happened 0 times.
     Team 1:
        Depth 7 was reached 2 times.
        Depth 9 was reached 4 times.
        Depth 10 was reached 1 times.
        Fallback choosing random token happened 0 times.
--------------------------------------------------
--------------------------------------------------

 
                  Evaluation. 
                 Player A| Q = 0.16472406200346199 * activeTokens + 0.43522441315702426 * successfulTokens + 0.4000515248395138 * tokenDistanceToBorder (EV: 44.86666666666667)
                 Player B| Q = 0.18607932875903352 * activeTokens + 0.461727920810054 * successfulTokens + 0.35219275043091247 * tokenDistanceToBorder (EV: 3.0)
                 Player C| Q = 0.22216943649654577 * activeTokens + 0.3976103889785163 * successfulTokens + 0.38022017452493795 * tokenDistanceToBorder (EV: 5.0)

 
          Game over. 
         Player A/ Team 0: 6 <--WINNER ON SERVER within 8 turns
         Player B/ Team 2: 0
         Player C/ Team 1: 1

 
--------------------------------------------------
--------------------------------------------------
Depth report.
     Team 0:
        Depth 7 was reached 6 times.
        Depth 9 was reached 2 times.
        Depth 10 was reached 0 times.
        Fallback choosing random token happened 0 times.
     Team 2:
        Depth 7 was reached 5 times.
        Depth 9 was reached 1 times.
        Depth 10 was reached 1 times.
        Fallback choosing random token happened 0 times.
     Team 1:
        Depth 7 was reached 2 times.
        Depth 9 was reached 4 times.
        Depth 10 was reached 1 times.
        Fallback choosing random token happened 0 times.
--------------------------------------------------
--------------------------------------------------

 
                  Evaluation. 
                 Player A| Q = 0.16472406200346199 * activeTokens + 0.43522441315702426 * successfulTokens + 0.4000515248395138 * tokenDistanceToBorder (EV: 44.86666666666667)
                 Player B| Q = 0.18607932875903352 * activeTokens + 0.461727920810054 * successfulTokens + 0.35219275043091247 * tokenDistanceToBorder (EV: 3.0)
                 Player C| Q = 0.22216943649654577 * activeTokens + 0.3976103889785163 * successfulTokens + 0.38022017452493795 * tokenDistanceToBorder (EV: 5.0)

 
!!!!!!!!!!!!!!!!!!!!!!!!!!!ERROR DETECTED!!!!!!!!!!!!!!!!!!!!!!!!!. 


You got kicked because your move was invalid!



 
INFO: Team 2 lost prematurely (probably because it had no more tokens to play). 


 
          Game over. 
         Player A/ Team 2: 2
         Player B/ Team 0: 5 <--WINNER ON SERVER within 8 turns
         Player C/ Team 1: 1

 
--------------------------------------------------
--------------------------------------------------
Depth report.
     Team 2:
        Depth 7 was reached 1 times.
        Depth 9 was reached 4 times.
        Depth 10 was reached 2 times.
        Fallback choosing random token happened 0 times.
     Team 0:
        Depth 7 was reached 3 times.
        Depth 9 was reached 4 times.
        Depth 10 was reached 2 times.
        Fallback choosing random token happened 0 times.
     Team 1:
        Depth 7 was reached 2 times.
        Depth 9 was reached 3 times.
        Depth 10 was reached 3 times.
        Fallback choosing random token happened 0 times.
--------------------------------------------------
--------------------------------------------------

 
                  Evaluation. 
                 Player A| Q = 0.16472406200346199 * activeTokens + 0.43522441315702426 * successfulTokens + 0.4000515248395138 * tokenDistanceToBorder (EV: 3.0)
                 Player B| Q = 0.18607932875903352 * activeTokens + 0.461727920810054 * successfulTokens + 0.35219275043091247 * tokenDistanceToBorder (EV: 42.86666666666667)
                 Player C| Q = 0.22216943649654577 * activeTokens + 0.3976103889785163 * successfulTokens + 0.38022017452493795 * tokenDistanceToBorder (EV: 3.0)

 
!!!!!!!!!!!!!!!!!!!!!!!!!!!ERROR DETECTED!!!!!!!!!!!!!!!!!!!!!!!!!. 


You got kicked because your move was invalid!



 
INFO: Team 2 lost prematurely (probably because it had no more tokens to play). 


 
          Game over. 
         Player A/ Team 2: 2
         Player B/ Team 1: 1
         Player C/ Team 0: 5 <--WINNER ON SERVER within 8 turns

 
--------------------------------------------------
--------------------------------------------------
Depth report.
     Team 2:
        Depth 7 was reached 1 times.
        Depth 9 was reached 4 times.
        Depth 10 was reached 2 times.
        Fallback choosing random token happened 0 times.
     Team 1:
        Depth 7 was reached 2 times.
        Depth 9 was reached 4 times.
        Depth 10 was reached 2 times.
        Fallback choosing random token happened 0 times.
     Team 0:
        Depth 7 was reached 4 times.
        Depth 9 was reached 3 times.
        Depth 10 was reached 2 times.
        Fallback choosing random token happened 0 times.
--------------------------------------------------
--------------------------------------------------

 
                  Evaluation. 
                 Player A| Q = 0.16472406200346199 * activeTokens + 0.43522441315702426 * successfulTokens + 0.4000515248395138 * tokenDistanceToBorder (EV: 3.0)
                 Player B| Q = 0.18607932875903352 * activeTokens + 0.461727920810054 * successfulTokens + 0.35219275043091247 * tokenDistanceToBorder (EV: 3.0)
                 Player C| Q = 0.22216943649654577 * activeTokens + 0.3976103889785163 * successfulTokens + 0.38022017452493795 * tokenDistanceToBorder (EV: 42.86666666666667)

 
!!!!!!!!!!!!!!!!!!!!!!!!!!!ERROR DETECTED!!!!!!!!!!!!!!!!!!!!!!!!!. 


You got kicked because your move was invalid!



 
INFO: Team 2 lost prematurely (probably because it had no more tokens to play). 


 
          Game over. 
         Player A/ Team 2: 2
         Player B/ Team 1: 1
         Player C/ Team 0: 5 <--WINNER ON SERVER within 8 turns

 
--------------------------------------------------
--------------------------------------------------
Depth report.
     Team 2:
        Depth 7 was reached 1 times.
        Depth 9 was reached 4 times.
        Depth 10 was reached 2 times.
        Fallback choosing random token happened 0 times.
     Team 1:
        Depth 7 was reached 2 times.
        Depth 9 was reached 3 times.
        Depth 10 was reached 3 times.
        Fallback choosing random token happened 0 times.
     Team 0:
        Depth 7 was reached 4 times.
        Depth 9 was reached 3 times.
        Depth 10 was reached 2 times.
        Fallback choosing random token happened 0 times.
--------------------------------------------------
--------------------------------------------------

 
                  Evaluation. 
                 Player A| Q = 0.16472406200346199 * activeTokens + 0.43522441315702426 * successfulTokens + 0.4000515248395138 * tokenDistanceToBorder (EV: 3.0)
                 Player B| Q = 0.18607932875903352 * activeTokens + 0.461727920810054 * successfulTokens + 0.35219275043091247 * tokenDistanceToBorder (EV: 3.0)
                 Player C| Q = 0.22216943649654577 * activeTokens + 0.3976103889785163 * successfulTokens + 0.38022017452493795 * tokenDistanceToBorder (EV: 42.86666666666667)

 
!!!!!!!!!!!!!!!!!!!!!!!!!!!ERROR DETECTED!!!!!!!!!!!!!!!!!!!!!!!!!. 


You got kicked because your move was invalid!



 
INFO: Team 2 lost prematurely (probably because it had no more tokens to play). 


 
          Game over. 
         Player A/ Team 2: 2
         Player B/ Team 0: 5 <--WINNER ON SERVER within 8 turns
         Player C/ Team 1: 1

 
--------------------------------------------------
--------------------------------------------------
Depth report.
     Team 2:
        Depth 7 was reached 1 times.
        Depth 9 was reached 4 times.
        Depth 10 was reached 2 times.
        Fallback choosing random token happened 0 times.
     Team 0:
        Depth 7 was reached 4 times.
        Depth 9 was reached 3 times.
        Depth 10 was reached 2 times.
        Fallback choosing random token happened 0 times.
     Team 1:
        Depth 7 was reached 2 times.
        Depth 9 was reached 4 times.
        Depth 10 was reached 2 times.
        Fallback choosing random token happened 0 times.
--------------------------------------------------
--------------------------------------------------

 
                  Evaluation. 
                 Player A| Q = 0.16472406200346199 * activeTokens + 0.43522441315702426 * successfulTokens + 0.4000515248395138 * tokenDistanceToBorder (EV: 3.0)
                 Player B| Q = 0.18607932875903352 * activeTokens + 0.461727920810054 * successfulTokens + 0.35219275043091247 * tokenDistanceToBorder (EV: 42.86666666666667)
                 Player C| Q = 0.22216943649654577 * activeTokens + 0.3976103889785163 * successfulTokens + 0.38022017452493795 * tokenDistanceToBorder (EV: 3.0)

 
!!!!!!!!!!!!!!!!!!!!!!!!!!!ERROR DETECTED!!!!!!!!!!!!!!!!!!!!!!!!!. 


You got kicked because your move was invalid!



 
INFO: Team 2 lost prematurely (probably because it had no more tokens to play). 


 
          Game over. 
         Player A/ Team 2: 2
         Player B/ Team 1: 1
         Player C/ Team 0: 5 <--WINNER ON SERVER within 8 turns

 
--------------------------------------------------
--------------------------------------------------
Depth report.
     Team 2:
        Depth 7 was reached 1 times.
        Depth 9 was reached 4 times.
        Depth 10 was reached 2 times.
        Fallback choosing random token happened 0 times.
     Team 1:
        Depth 7 was reached 2 times.
        Depth 9 was reached 4 times.
        Depth 10 was reached 2 times.
        Fallback choosing random token happened 0 times.
     Team 0:
        Depth 7 was reached 4 times.
        Depth 9 was reached 3 times.
        Depth 10 was reached 2 times.
        Fallback choosing random token happened 0 times.
--------------------------------------------------
--------------------------------------------------

 
                  Evaluation. 
                 Player A| Q = 0.16472406200346199 * activeTokens + 0.43522441315702426 * successfulTokens + 0.4000515248395138 * tokenDistanceToBorder (EV: 3.0)
                 Player B| Q = 0.18607932875903352 * activeTokens + 0.461727920810054 * successfulTokens + 0.35219275043091247 * tokenDistanceToBorder (EV: 3.0)
                 Player C| Q = 0.22216943649654577 * activeTokens + 0.3976103889785163 * successfulTokens + 0.38022017452493795 * tokenDistanceToBorder (EV: 42.86666666666667)

 
Calculating medium parameter evaluation from 20 games played. 
[44.86666666666667, 3.0, 44.86666666666667, 3.0, 8.0, 3.0, 3.0, 3.0, 44.86666666666667, 3.0, 3.0, 3.0, 44.86666666666667, 44.86666666666667, 44.86666666666667, 3.0, 3.0, 3.0, 3.0, 3.0] ----> Writing medium:Q = 0.16472406200346199 * activeTokens + 0.43522441315702426 * successfulTokens + 0.4000515248395138 * tokenDistanceToBorder (EV: 15.809999999999999)
[3.0, 3.0, 5.0, 3.0, 0.0, 45.4, 3.0, 5.0, 3.0, 43.13333333333333, 43.13333333333333, 43.13333333333333, 5.0, 3.0, 3.0, 42.86666666666667, 3.0, 3.0, 42.86666666666667, 3.0] ----> Writing medium:Q = 0.18607932875903352 * activeTokens + 0.461727920810054 * successfulTokens + 0.35219275043091247 * tokenDistanceToBorder (EV: 15.276666666666666)
[5.0, 42.86666666666667, 3.0, 42.86666666666667, 41.33333333333333, 5.0, 42.86666666666667, 43.13333333333333, 5.0, 5.0, 5.0, 5.0, 3.0, 5.0, 5.0, 3.0, 42.86666666666667, 42.86666666666667, 3.0, 42.86666666666667] ----> Writing medium:Q = 0.22216943649654577 * activeTokens + 0.3976103889785163 * successfulTokens + 0.38022017452493795 * tokenDistanceToBorder (EV: 19.683333333333334)

 
          Game over. 
         Player A/ Team 0: 6 <--WINNER ON SERVER within 10 turns
         Player B/ Team 2: 0
         Player C/ Team 1: 1

 
--------------------------------------------------
--------------------------------------------------
Depth report.
     Team 0:
        Depth 7 was reached 7 times.
        Depth 9 was reached 3 times.
        Depth 10 was reached 0 times.
        Fallback choosing random token happened 0 times.
     Team 2:
        Depth 7 was reached 5 times.
        Depth 9 was reached 3 times.
        Depth 10 was reached 1 times.
        Fallback choosing random token happened 0 times.
     Team 1:
        Depth 7 was reached 4 times.
        Depth 9 was reached 4 times.
        Depth 10 was reached 1 times.
        Fallback choosing random token happened 0 times.
--------------------------------------------------
--------------------------------------------------

 
                  Evaluation. 
                 Player A| Q = 0.14000664023793186 * activeTokens + 0.512711568691821 * successfulTokens + 0.3472817910702471 * tokenDistanceToBorder (EV: 44.33333333333333)
                 Player B| Q = 0.19179999477274556 * activeTokens + 0.368680712191053 * successfulTokens + 0.4395192930362014 * tokenDistanceToBorder (EV: 3.0)
                 Player C| Q = 0.2158344707766633 * activeTokens + 0.4712303693898777 * successfulTokens + 0.31293515983345904 * tokenDistanceToBorder (EV: 5.0)

 
          Game over. 
         Player A/ Team 0: 6 <--WINNER ON SERVER within 10 turns
         Player B/ Team 2: 0
         Player C/ Team 1: 1

 
--------------------------------------------------
--------------------------------------------------
Depth report.
     Team 0:
        Depth 7 was reached 6 times.
        Depth 9 was reached 4 times.
        Depth 10 was reached 0 times.
        Fallback choosing random token happened 0 times.
     Team 2:
        Depth 7 was reached 5 times.
        Depth 9 was reached 3 times.
        Depth 10 was reached 1 times.
        Fallback choosing random token happened 0 times.
     Team 1:
        Depth 7 was reached 4 times.
        Depth 9 was reached 4 times.
        Depth 10 was reached 1 times.
        Fallback choosing random token happened 0 times.
--------------------------------------------------
--------------------------------------------------

 
                  Evaluation. 
                 Player A| Q = 0.14000664023793186 * activeTokens + 0.512711568691821 * successfulTokens + 0.3472817910702471 * tokenDistanceToBorder (EV: 44.33333333333333)
                 Player B| Q = 0.19179999477274556 * activeTokens + 0.368680712191053 * successfulTokens + 0.4395192930362014 * tokenDistanceToBorder (EV: 3.0)
                 Player C| Q = 0.2158344707766633 * activeTokens + 0.4712303693898777 * successfulTokens + 0.31293515983345904 * tokenDistanceToBorder (EV: 5.0)

 
          Game over. 
         Player A/ Team 1: 2
         Player B/ Team 2: 1
         Player C/ Team 0: 5 <--WINNER ON SERVER within 8 turns

 
--------------------------------------------------
--------------------------------------------------
Depth report.
     Team 1:
        Depth 7 was reached 2 times.
        Depth 9 was reached 5 times.
        Depth 10 was reached 1 times.
        Fallback choosing random token happened 0 times.
     Team 2:
        Depth 7 was reached 6 times.
        Depth 9 was reached 2 times.
        Depth 10 was reached 0 times.
        Fallback choosing random token happened 0 times.
     Team 0:
        Depth 7 was reached 7 times.
        Depth 9 was reached 1 times.
        Depth 10 was reached 1 times.
        Fallback choosing random token happened 0 times.
--------------------------------------------------
--------------------------------------------------

 
                  Evaluation. 
                 Player A| Q = 0.14000664023793186 * activeTokens + 0.512711568691821 * successfulTokens + 0.3472817910702471 * tokenDistanceToBorder (EV: 5.0)
                 Player B| Q = 0.19179999477274556 * activeTokens + 0.368680712191053 * successfulTokens + 0.4395192930362014 * tokenDistanceToBorder (EV: 3.0)
                 Player C| Q = 0.2158344707766633 * activeTokens + 0.4712303693898777 * successfulTokens + 0.31293515983345904 * tokenDistanceToBorder (EV: 42.86666666666667)

 
          Game over. 
         Player A/ Team 2: 0
         Player B/ Team 0: 6 <--WINNER ON SERVER within 9 turns
         Player C/ Team 1: 1

 
--------------------------------------------------
--------------------------------------------------
Depth report.
     Team 2:
        Depth 7 was reached 5 times.
        Depth 9 was reached 2 times.
        Depth 10 was reached 2 times.
        Fallback choosing random token happened 0 times.
     Team 0:
        Depth 7 was reached 6 times.
        Depth 9 was reached 4 times.
        Depth 10 was reached 0 times.
        Fallback choosing random token happened 0 times.
     Team 1:
        Depth 7 was reached 4 times.
        Depth 9 was reached 4 times.
        Depth 10 was reached 1 times.
        Fallback choosing random token happened 0 times.
--------------------------------------------------
--------------------------------------------------

 
                  Evaluation. 
                 Player A| Q = 0.14000664023793186 * activeTokens + 0.512711568691821 * successfulTokens + 0.3472817910702471 * tokenDistanceToBorder (EV: 3.0)
                 Player B| Q = 0.19179999477274556 * activeTokens + 0.368680712191053 * successfulTokens + 0.4395192930362014 * tokenDistanceToBorder (EV: 44.6)
                 Player C| Q = 0.2158344707766633 * activeTokens + 0.4712303693898777 * successfulTokens + 0.31293515983345904 * tokenDistanceToBorder (EV: 5.0)

 
          Game over. 
         Player A/ Team 0: 4
         Player B/ Team 1: 5 <--WINNER ON SERVER within 10 turns
         Player C/ Team 2: 0

 
--------------------------------------------------
--------------------------------------------------
Depth report.
     Team 0:
        Depth 7 was reached 5 times.
        Depth 9 was reached 5 times.
        Depth 10 was reached 0 times.
        Fallback choosing random token happened 0 times.
     Team 1:
        Depth 7 was reached 2 times.
        Depth 9 was reached 5 times.
        Depth 10 was reached 3 times.
        Fallback choosing random token happened 0 times.
     Team 2:
        Depth 7 was reached 3 times.
        Depth 9 was reached 1 times.
        Depth 10 was reached 5 times.
        Fallback choosing random token happened 0 times.
