
 
----------------------------------------------------------------------
 Starting Generation (Number: 4).
 
Creating mutations. 
High Mutations: [0.0415, -0.034, -0.0075][0.0477, -0.0263, -0.0214][0.0477, -0.0408, -0.0069]
Low_Mutations: [0.0, 0.0, 0.0][-0.0156, 0.09776, -0.08216][-0.01, 0.04714, -0.03714]
 
Recombination. 
Parent: Q = 0.19179999477274556 * activeTokens + 0.368680712191053 * successfulTokens + 0.4395192930362014 * tokenDistanceToBorder (EV: 14.133333333333331)
Child: Q = 0.2119469123752558 * activeTokens + 0.4303264511253944 * successfulTokens + 0.3577266364993499 * tokenDistanceToBorder (EV: 0.0)
Child: Q = 0.2525165161291661 * activeTokens + 0.3970887034715883 * successfulTokens + 0.3503947803992455 * tokenDistanceToBorder (EV: 0.0)
Parent: Q = 0.22216943649654577 * activeTokens + 0.3976103889785163 * successfulTokens + 0.38022017452493795 * tokenDistanceToBorder (EV: 18.14)
Child: Q = 0.19669665168703893 * activeTokens + 0.5258947514382203 * successfulTokens + 0.2774085968747409 * tokenDistanceToBorder (EV: 0.0)
Child: Q = 0.25857751717191896 * activeTokens + 0.40461607573436204 * successfulTokens + 0.33680640709371895 * tokenDistanceToBorder (EV: 0.0)
Parent: Q = 0.2172086492821056 * activeTokens + 0.5079348480319501 * successfulTokens + 0.27485650268594447 * tokenDistanceToBorder (EV: 18.873333333333335)
Child: Q = 0.2021711042417834 * activeTokens + 0.47640961066658305 * successfulTokens + 0.3214192850916334 * tokenDistanceToBorder (EV: 0.0)
Child: Q = 0.25857751717191896 * activeTokens + 0.39044115394082707 * successfulTokens + 0.35098132888725386 * tokenDistanceToBorder (EV: 0.0)

 
          Game over. 
         Player A/ Team 1: 0
         Player B/ Team 0: 5 <--WINNER ON SERVER within 6 turns
         Player C/ Team 2: 1

 
--------------------------------------------------
--------------------------------------------------
Depth report.
     Team 1:
        Depth 7 was reached 2 times.
        Depth 9 was reached 2 times.
        Depth 10 was reached 2 times.
        Fallback choosing random token happened 0 times.
     Team 0:
        Depth 7 was reached 2 times.
        Depth 9 was reached 4 times.
        Depth 10 was reached 1 times.
        Fallback choosing random token happened 0 times.
     Team 2:
        Depth 7 was reached 2 times.
        Depth 9 was reached 0 times.
        Depth 10 was reached 4 times.
        Fallback choosing random token happened 0 times.
--------------------------------------------------
--------------------------------------------------

 
                  Evaluation. 
                 Player A| Q = 0.19179999477274556 * activeTokens + 0.368680712191053 * successfulTokens + 0.4395192930362014 * tokenDistanceToBorder (EV: 3.0)
                 Player B| Q = 0.2119469123752558 * activeTokens + 0.4303264511253944 * successfulTokens + 0.3577266364993499 * tokenDistanceToBorder (EV: 45.4)
                 Player C| Q = 0.2525165161291661 * activeTokens + 0.3970887034715883 * successfulTokens + 0.3503947803992455 * tokenDistanceToBorder (EV: 5.0)

 
          Game over. 
         Player A/ Team 0: 4
         Player B/ Team 2: 0
         Player C/ Team 1: 5 <--WINNER ON SERVER within 10 turns

 
--------------------------------------------------
--------------------------------------------------
Depth report.
     Team 0:
        Depth 7 was reached 5 times.
        Depth 9 was reached 5 times.
        Depth 10 was reached 0 times.
        Fallback choosing random token happened 0 times.
     Team 2:
        Depth 7 was reached 3 times.
        Depth 9 was reached 1 times.
        Depth 10 was reached 5 times.
        Fallback choosing random token happened 0 times.
     Team 1:
        Depth 7 was reached 3 times.
        Depth 9 was reached 4 times.
        Depth 10 was reached 3 times.
        Fallback choosing random token happened 0 times.
--------------------------------------------------
--------------------------------------------------

 
                  Evaluation. 
                 Player A| Q = 0.19179999477274556 * activeTokens + 0.368680712191053 * successfulTokens + 0.4395192930362014 * tokenDistanceToBorder (EV: 8.0)
                 Player B| Q = 0.2119469123752558 * activeTokens + 0.4303264511253944 * successfulTokens + 0.3577266364993499 * tokenDistanceToBorder (EV: 0.0)
                 Player C| Q = 0.2525165161291661 * activeTokens + 0.3970887034715883 * successfulTokens + 0.3503947803992455 * tokenDistanceToBorder (EV: 41.33333333333333)

 
          Game over. 
         Player A/ Team 1: 1
         Player B/ Team 0: 6 <--WINNER ON SERVER within 7 turns
         Player C/ Team 2: 2

 
--------------------------------------------------
--------------------------------------------------
Depth report.
     Team 1:
        Depth 7 was reached 4 times.
        Depth 9 was reached 1 times.
        Depth 10 was reached 2 times.
        Fallback choosing random token happened 0 times.
     Team 0:
        Depth 7 was reached 4 times.
        Depth 9 was reached 2 times.
        Depth 10 was reached 2 times.
        Fallback choosing random token happened 0 times.
     Team 2:
        Depth 7 was reached 2 times.
        Depth 9 was reached 2 times.
        Depth 10 was reached 3 times.
        Fallback choosing random token happened 0 times.
--------------------------------------------------
--------------------------------------------------

 
                  Evaluation. 
                 Player A| Q = 0.19179999477274556 * activeTokens + 0.368680712191053 * successfulTokens + 0.4395192930362014 * tokenDistanceToBorder (EV: 3.0)
                 Player B| Q = 0.2119469123752558 * activeTokens + 0.4303264511253944 * successfulTokens + 0.3577266364993499 * tokenDistanceToBorder (EV: 43.13333333333333)
                 Player C| Q = 0.2525165161291661 * activeTokens + 0.3970887034715883 * successfulTokens + 0.3503947803992455 * tokenDistanceToBorder (EV: 5.0)

 
          Game over. 
         Player A/ Team 1: 1
         Player B/ Team 2: 2
         Player C/ Team 0: 6 <--WINNER ON SERVER within 7 turns

 
--------------------------------------------------
--------------------------------------------------
Depth report.
     Team 1:
        Depth 7 was reached 4 times.
        Depth 9 was reached 1 times.
        Depth 10 was reached 2 times.
        Fallback choosing random token happened 0 times.
     Team 2:
        Depth 7 was reached 2 times.
        Depth 9 was reached 1 times.
        Depth 10 was reached 4 times.
        Fallback choosing random token happened 0 times.
     Team 0:
        Depth 7 was reached 5 times.
        Depth 9 was reached 1 times.
        Depth 10 was reached 2 times.
        Fallback choosing random token happened 0 times.
--------------------------------------------------
--------------------------------------------------

 
                  Evaluation. 
                 Player A| Q = 0.19179999477274556 * activeTokens + 0.368680712191053 * successfulTokens + 0.4395192930362014 * tokenDistanceToBorder (EV: 3.0)
                 Player B| Q = 0.2119469123752558 * activeTokens + 0.4303264511253944 * successfulTokens + 0.3577266364993499 * tokenDistanceToBorder (EV: 5.0)
                 Player C| Q = 0.2525165161291661 * activeTokens + 0.3970887034715883 * successfulTokens + 0.3503947803992455 * tokenDistanceToBorder (EV: 43.13333333333333)

 
          Game over. 
         Player A/ Team 2: 0
         Player B/ Team 0: 6 <--WINNER ON SERVER within 9 turns
         Player C/ Team 1: 1

 
--------------------------------------------------
--------------------------------------------------
Depth report.
     Team 2:
        Depth 7 was reached 5 times.
        Depth 9 was reached 3 times.
        Depth 10 was reached 1 times.
        Fallback choosing random token happened 0 times.
     Team 0:
        Depth 7 was reached 7 times.
        Depth 9 was reached 3 times.
        Depth 10 was reached 0 times.
        Fallback choosing random token happened 0 times.
     Team 1:
        Depth 7 was reached 3 times.
        Depth 9 was reached 5 times.
        Depth 10 was reached 1 times.
        Fallback choosing random token happened 0 times.
--------------------------------------------------
--------------------------------------------------

 
                  Evaluation. 
                 Player A| Q = 0.19179999477274556 * activeTokens + 0.368680712191053 * successfulTokens + 0.4395192930362014 * tokenDistanceToBorder (EV: 3.0)
                 Player B| Q = 0.2119469123752558 * activeTokens + 0.4303264511253944 * successfulTokens + 0.3577266364993499 * tokenDistanceToBorder (EV: 44.6)
                 Player C| Q = 0.2525165161291661 * activeTokens + 0.3970887034715883 * successfulTokens + 0.3503947803992455 * tokenDistanceToBorder (EV: 5.0)

 
          Game over. 
         Player A/ Team 1: 0
         Player B/ Team 2: 1
         Player C/ Team 0: 5 <--WINNER ON SERVER within 6 turns

 
--------------------------------------------------
--------------------------------------------------
Depth report.
     Team 1:
        Depth 7 was reached 2 times.
        Depth 9 was reached 2 times.
        Depth 10 was reached 2 times.
        Fallback choosing random token happened 0 times.
     Team 2:
        Depth 7 was reached 2 times.
        Depth 9 was reached 0 times.
        Depth 10 was reached 4 times.
        Fallback choosing random token happened 0 times.
     Team 0:
        Depth 7 was reached 3 times.
        Depth 9 was reached 2 times.
        Depth 10 was reached 2 times.
        Fallback choosing random token happened 0 times.
--------------------------------------------------
--------------------------------------------------

 
                  Evaluation. 
                 Player A| Q = 0.19179999477274556 * activeTokens + 0.368680712191053 * successfulTokens + 0.4395192930362014 * tokenDistanceToBorder (EV: 3.0)
                 Player B| Q = 0.2119469123752558 * activeTokens + 0.4303264511253944 * successfulTokens + 0.3577266364993499 * tokenDistanceToBorder (EV: 5.0)
                 Player C| Q = 0.2525165161291661 * activeTokens + 0.3970887034715883 * successfulTokens + 0.3503947803992455 * tokenDistanceToBorder (EV: 45.4)

 
          Game over. 
         Player A/ Team 1: 1
         Player B/ Team 2: 2
         Player C/ Team 0: 6 <--WINNER ON SERVER within 7 turns

 
--------------------------------------------------
--------------------------------------------------
Depth report.
     Team 1:
        Depth 7 was reached 4 times.
        Depth 9 was reached 1 times.
        Depth 10 was reached 2 times.
        Fallback choosing random token happened 0 times.
     Team 2:
        Depth 7 was reached 2 times.
        Depth 9 was reached 2 times.
        Depth 10 was reached 3 times.
        Fallback choosing random token happened 0 times.
     Team 0:
        Depth 7 was reached 4 times.
        Depth 9 was reached 2 times.
        Depth 10 was reached 2 times.
        Fallback choosing random token happened 0 times.
--------------------------------------------------
--------------------------------------------------

 
                  Evaluation. 
                 Player A| Q = 0.19179999477274556 * activeTokens + 0.368680712191053 * successfulTokens + 0.4395192930362014 * tokenDistanceToBorder (EV: 3.0)
                 Player B| Q = 0.2119469123752558 * activeTokens + 0.4303264511253944 * successfulTokens + 0.3577266364993499 * tokenDistanceToBorder (EV: 5.0)
                 Player C| Q = 0.2525165161291661 * activeTokens + 0.3970887034715883 * successfulTokens + 0.3503947803992455 * tokenDistanceToBorder (EV: 43.13333333333333)

 
          Game over. 
         Player A/ Team 0: 6 <--WINNER ON SERVER within 8 turns
         Player B/ Team 1: 1
         Player C/ Team 2: 0

 
--------------------------------------------------
--------------------------------------------------
Depth report.
     Team 0:
        Depth 7 was reached 6 times.
        Depth 9 was reached 2 times.
        Depth 10 was reached 0 times.
        Fallback choosing random token happened 0 times.
     Team 1:
        Depth 7 was reached 2 times.
        Depth 9 was reached 4 times.
        Depth 10 was reached 1 times.
        Fallback choosing random token happened 0 times.
     Team 2:
        Depth 7 was reached 5 times.
        Depth 9 was reached 1 times.
        Depth 10 was reached 1 times.
        Fallback choosing random token happened 0 times.
--------------------------------------------------
--------------------------------------------------

 
                  Evaluation. 
                 Player A| Q = 0.19179999477274556 * activeTokens + 0.368680712191053 * successfulTokens + 0.4395192930362014 * tokenDistanceToBorder (EV: 44.86666666666667)
                 Player B| Q = 0.2119469123752558 * activeTokens + 0.4303264511253944 * successfulTokens + 0.3577266364993499 * tokenDistanceToBorder (EV: 5.0)
                 Player C| Q = 0.2525165161291661 * activeTokens + 0.3970887034715883 * successfulTokens + 0.3503947803992455 * tokenDistanceToBorder (EV: 3.0)

 
          Game over. 
         Player A/ Team 0: 4
         Player B/ Team 2: 0
         Player C/ Team 1: 5 <--WINNER ON SERVER within 10 turns

 
--------------------------------------------------
--------------------------------------------------
Depth report.
     Team 0:
        Depth 7 was reached 5 times.
        Depth 9 was reached 5 times.
        Depth 10 was reached 0 times.
        Fallback choosing random token happened 0 times.
     Team 2:
        Depth 7 was reached 3 times.
        Depth 9 was reached 1 times.
        Depth 10 was reached 5 times.
        Fallback choosing random token happened 0 times.
     Team 1:
        Depth 7 was reached 3 times.
        Depth 9 was reached 4 times.
        Depth 10 was reached 3 times.
        Fallback choosing random token happened 0 times.
--------------------------------------------------
--------------------------------------------------

 
                  Evaluation. 
                 Player A| Q = 0.19179999477274556 * activeTokens + 0.368680712191053 * successfulTokens + 0.4395192930362014 * tokenDistanceToBorder (EV: 8.0)
                 Player B| Q = 0.2119469123752558 * activeTokens + 0.4303264511253944 * successfulTokens + 0.3577266364993499 * tokenDistanceToBorder (EV: 0.0)
                 Player C| Q = 0.2525165161291661 * activeTokens + 0.3970887034715883 * successfulTokens + 0.3503947803992455 * tokenDistanceToBorder (EV: 41.33333333333333)

 
          Game over. 
         Player A/ Team 1: 0
         Player B/ Team 2: 1
         Player C/ Team 0: 5 <--WINNER ON SERVER within 6 turns

 
--------------------------------------------------
--------------------------------------------------
Depth report.
     Team 1:
        Depth 7 was reached 2 times.
        Depth 9 was reached 2 times.
        Depth 10 was reached 2 times.
        Fallback choosing random token happened 0 times.
     Team 2:
        Depth 7 was reached 2 times.
        Depth 9 was reached 0 times.
        Depth 10 was reached 4 times.
        Fallback choosing random token happened 0 times.
     Team 0:
        Depth 7 was reached 3 times.
        Depth 9 was reached 2 times.
        Depth 10 was reached 2 times.
        Fallback choosing random token happened 0 times.
--------------------------------------------------
--------------------------------------------------

 
                  Evaluation. 
                 Player A| Q = 0.19179999477274556 * activeTokens + 0.368680712191053 * successfulTokens + 0.4395192930362014 * tokenDistanceToBorder (EV: 3.0)
                 Player B| Q = 0.2119469123752558 * activeTokens + 0.4303264511253944 * successfulTokens + 0.3577266364993499 * tokenDistanceToBorder (EV: 5.0)
                 Player C| Q = 0.2525165161291661 * activeTokens + 0.3970887034715883 * successfulTokens + 0.3503947803992455 * tokenDistanceToBorder (EV: 45.4)

 
          Game over. 
         Player A/ Team 2: 0
         Player B/ Team 1: 1
         Player C/ Team 0: 5 <--WINNER ON SERVER within 9 turns

 
--------------------------------------------------
--------------------------------------------------
Depth report.
     Team 2:
        Depth 7 was reached 4 times.
        Depth 9 was reached 4 times.
        Depth 10 was reached 1 times.
        Fallback choosing random token happened 0 times.
     Team 1:
        Depth 7 was reached 6 times.
        Depth 9 was reached 2 times.
        Depth 10 was reached 1 times.
        Fallback choosing random token happened 0 times.
     Team 0:
        Depth 7 was reached 7 times.
        Depth 9 was reached 2 times.
        Depth 10 was reached 1 times.
        Fallback choosing random token happened 0 times.
--------------------------------------------------
--------------------------------------------------

 
                  Evaluation. 
                 Player A| Q = 0.19179999477274556 * activeTokens + 0.368680712191053 * successfulTokens + 0.4395192930362014 * tokenDistanceToBorder (EV: 3.0)
                 Player B| Q = 0.2119469123752558 * activeTokens + 0.4303264511253944 * successfulTokens + 0.3577266364993499 * tokenDistanceToBorder (EV: 5.0)
                 Player C| Q = 0.2525165161291661 * activeTokens + 0.3970887034715883 * successfulTokens + 0.3503947803992455 * tokenDistanceToBorder (EV: 44.6)

 
          Game over. 
         Player A/ Team 0: 4
         Player B/ Team 2: 0
         Player C/ Team 1: 5 <--WINNER ON SERVER within 10 turns

 
--------------------------------------------------
--------------------------------------------------
Depth report.
     Team 0:
        Depth 7 was reached 5 times.
        Depth 9 was reached 5 times.
        Depth 10 was reached 0 times.
        Fallback choosing random token happened 0 times.
     Team 2:
        Depth 7 was reached 3 times.
        Depth 9 was reached 1 times.
        Depth 10 was reached 5 times.
        Fallback choosing random token happened 0 times.
     Team 1:
        Depth 7 was reached 3 times.
        Depth 9 was reached 4 times.
        Depth 10 was reached 3 times.
        Fallback choosing random token happened 0 times.
--------------------------------------------------
--------------------------------------------------

 
                  Evaluation. 
                 Player A| Q = 0.19179999477274556 * activeTokens + 0.368680712191053 * successfulTokens + 0.4395192930362014 * tokenDistanceToBorder (EV: 8.0)
                 Player B| Q = 0.2119469123752558 * activeTokens + 0.4303264511253944 * successfulTokens + 0.3577266364993499 * tokenDistanceToBorder (EV: 0.0)
                 Player C| Q = 0.2525165161291661 * activeTokens + 0.3970887034715883 * successfulTokens + 0.3503947803992455 * tokenDistanceToBorder (EV: 41.33333333333333)

 
          Game over. 
         Player A/ Team 2: 1
         Player B/ Team 0: 3
         Player C/ Team 1: 5 <--WINNER ON SERVER within 8 turns

 
--------------------------------------------------
--------------------------------------------------
Depth report.
     Team 2:
        Depth 7 was reached 7 times.
        Depth 9 was reached 1 times.
        Depth 10 was reached 0 times.
        Fallback choosing random token happened 0 times.
     Team 0:
        Depth 7 was reached 6 times.
        Depth 9 was reached 2 times.
        Depth 10 was reached 1 times.
        Fallback choosing random token happened 0 times.
     Team 1:
        Depth 7 was reached 2 times.
        Depth 9 was reached 6 times.
        Depth 10 was reached 1 times.
        Fallback choosing random token happened 0 times.
--------------------------------------------------
--------------------------------------------------

 
                  Evaluation. 
                 Player A| Q = 0.19179999477274556 * activeTokens + 0.368680712191053 * successfulTokens + 0.4395192930362014 * tokenDistanceToBorder (EV: 2.0)
                 Player B| Q = 0.2119469123752558 * activeTokens + 0.4303264511253944 * successfulTokens + 0.3577266364993499 * tokenDistanceToBorder (EV: 6.0)
                 Player C| Q = 0.2525165161291661 * activeTokens + 0.3970887034715883 * successfulTokens + 0.3503947803992455 * tokenDistanceToBorder (EV: 41.86666666666667)

 
          Game over. 
         Player A/ Team 0: 6 <--WINNER ON SERVER within 8 turns
         Player B/ Team 2: 0
         Player C/ Team 1: 1

 
--------------------------------------------------
--------------------------------------------------
Depth report.
     Team 0:
        Depth 7 was reached 6 times.
        Depth 9 was reached 2 times.
        Depth 10 was reached 0 times.
        Fallback choosing random token happened 0 times.
     Team 2:
        Depth 7 was reached 5 times.
        Depth 9 was reached 1 times.
        Depth 10 was reached 1 times.
        Fallback choosing random token happened 0 times.
     Team 1:
        Depth 7 was reached 2 times.
        Depth 9 was reached 4 times.
        Depth 10 was reached 1 times.
        Fallback choosing random token happened 0 times.
--------------------------------------------------
--------------------------------------------------

 
                  Evaluation. 
                 Player A| Q = 0.19179999477274556 * activeTokens + 0.368680712191053 * successfulTokens + 0.4395192930362014 * tokenDistanceToBorder (EV: 44.86666666666667)
                 Player B| Q = 0.2119469123752558 * activeTokens + 0.4303264511253944 * successfulTokens + 0.3577266364993499 * tokenDistanceToBorder (EV: 3.0)
                 Player C| Q = 0.2525165161291661 * activeTokens + 0.3970887034715883 * successfulTokens + 0.3503947803992455 * tokenDistanceToBorder (EV: 5.0)

 
          Game over. 
         Player A/ Team 2: 0
         Player B/ Team 1: 4
         Player C/ Team 0: 6 <--WINNER ON SERVER within 14 turns

 
--------------------------------------------------
--------------------------------------------------
Depth report.
     Team 2:
        Depth 7 was reached 5 times.
        Depth 9 was reached 3 times.
        Depth 10 was reached 6 times.
        Fallback choosing random token happened 0 times.
     Team 1:
        Depth 7 was reached 6 times.
        Depth 9 was reached 2 times.
        Depth 10 was reached 6 times.
        Fallback choosing random token happened 0 times.
     Team 0:
        Depth 7 was reached 9 times.
        Depth 9 was reached 3 times.
        Depth 10 was reached 3 times.
        Fallback choosing random token happened 0 times.
--------------------------------------------------
--------------------------------------------------

 
                  Evaluation. 
                 Player A| Q = 0.19179999477274556 * activeTokens + 0.368680712191053 * successfulTokens + 0.4395192930362014 * tokenDistanceToBorder (EV: 0.0)
                 Player B| Q = 0.2119469123752558 * activeTokens + 0.4303264511253944 * successfulTokens + 0.3577266364993499 * tokenDistanceToBorder (EV: 8.0)
                 Player C| Q = 0.2525165161291661 * activeTokens + 0.3970887034715883 * successfulTokens + 0.3503947803992455 * tokenDistanceToBorder (EV: 40.266666666666666)

 
          Game over. 
         Player A/ Team 0: 6 <--WINNER ON SERVER within 8 turns
         Player B/ Team 2: 0
         Player C/ Team 1: 1

 
--------------------------------------------------
--------------------------------------------------
Depth report.
     Team 0:
        Depth 7 was reached 6 times.
        Depth 9 was reached 2 times.
        Depth 10 was reached 0 times.
        Fallback choosing random token happened 0 times.
     Team 2:
        Depth 7 was reached 5 times.
        Depth 9 was reached 1 times.
        Depth 10 was reached 1 times.
        Fallback choosing random token happened 0 times.
     Team 1:
        Depth 7 was reached 2 times.
        Depth 9 was reached 4 times.
        Depth 10 was reached 1 times.
        Fallback choosing random token happened 0 times.
--------------------------------------------------
--------------------------------------------------

 
                  Evaluation. 
                 Player A| Q = 0.19179999477274556 * activeTokens + 0.368680712191053 * successfulTokens + 0.4395192930362014 * tokenDistanceToBorder (EV: 44.86666666666667)
                 Player B| Q = 0.2119469123752558 * activeTokens + 0.4303264511253944 * successfulTokens + 0.3577266364993499 * tokenDistanceToBorder (EV: 3.0)
                 Player C| Q = 0.2525165161291661 * activeTokens + 0.3970887034715883 * successfulTokens + 0.3503947803992455 * tokenDistanceToBorder (EV: 5.0)

 
          Game over. 
         Player A/ Team 0: 6 <--WINNER ON SERVER within 8 turns
         Player B/ Team 1: 1
         Player C/ Team 2: 0

 
--------------------------------------------------
--------------------------------------------------
Depth report.
     Team 0:
        Depth 7 was reached 5 times.
        Depth 9 was reached 3 times.
        Depth 10 was reached 0 times.
        Fallback choosing random token happened 0 times.
     Team 1:
        Depth 7 was reached 2 times.
        Depth 9 was reached 4 times.
        Depth 10 was reached 1 times.
        Fallback choosing random token happened 0 times.
     Team 2:
        Depth 7 was reached 5 times.
        Depth 9 was reached 1 times.
        Depth 10 was reached 1 times.
        Fallback choosing random token happened 0 times.
--------------------------------------------------
--------------------------------------------------

 
                  Evaluation. 
                 Player A| Q = 0.19179999477274556 * activeTokens + 0.368680712191053 * successfulTokens + 0.4395192930362014 * tokenDistanceToBorder (EV: 44.86666666666667)
                 Player B| Q = 0.2119469123752558 * activeTokens + 0.4303264511253944 * successfulTokens + 0.3577266364993499 * tokenDistanceToBorder (EV: 5.0)
                 Player C| Q = 0.2525165161291661 * activeTokens + 0.3970887034715883 * successfulTokens + 0.3503947803992455 * tokenDistanceToBorder (EV: 3.0)

 
          Game over. 
         Player A/ Team 2: 0
         Player B/ Team 1: 1
         Player C/ Team 0: 5 <--WINNER ON SERVER within 9 turns

 
--------------------------------------------------
--------------------------------------------------
Depth report.
     Team 2:
        Depth 7 was reached 4 times.
        Depth 9 was reached 4 times.
        Depth 10 was reached 1 times.
        Fallback choosing random token happened 0 times.
     Team 1:
        Depth 7 was reached 6 times.
        Depth 9 was reached 2 times.
        Depth 10 was reached 1 times.
        Fallback choosing random token happened 0 times.
     Team 0:
        Depth 7 was reached 7 times.
        Depth 9 was reached 2 times.
        Depth 10 was reached 1 times.
        Fallback choosing random token happened 0 times.
--------------------------------------------------
--------------------------------------------------

 
                  Evaluation. 
                 Player A| Q = 0.19179999477274556 * activeTokens + 0.368680712191053 * successfulTokens + 0.4395192930362014 * tokenDistanceToBorder (EV: 3.0)
                 Player B| Q = 0.2119469123752558 * activeTokens + 0.4303264511253944 * successfulTokens + 0.3577266364993499 * tokenDistanceToBorder (EV: 5.0)
                 Player C| Q = 0.2525165161291661 * activeTokens + 0.3970887034715883 * successfulTokens + 0.3503947803992455 * tokenDistanceToBorder (EV: 44.6)

 
          Game over. 
         Player A/ Team 1: 0
         Player B/ Team 2: 1
         Player C/ Team 0: 5 <--WINNER ON SERVER within 6 turns

 
--------------------------------------------------
--------------------------------------------------
Depth report.
     Team 1:
        Depth 7 was reached 2 times.
        Depth 9 was reached 2 times.
        Depth 10 was reached 2 times.
        Fallback choosing random token happened 0 times.
     Team 2:
        Depth 7 was reached 2 times.
        Depth 9 was reached 0 times.
        Depth 10 was reached 4 times.
        Fallback choosing random token happened 0 times.
     Team 0:
        Depth 7 was reached 2 times.
        Depth 9 was reached 3 times.
        Depth 10 was reached 2 times.
        Fallback choosing random token happened 0 times.
--------------------------------------------------
--------------------------------------------------

 
                  Evaluation. 
                 Player A| Q = 0.19179999477274556 * activeTokens + 0.368680712191053 * successfulTokens + 0.4395192930362014 * tokenDistanceToBorder (EV: 3.0)
                 Player B| Q = 0.2119469123752558 * activeTokens + 0.4303264511253944 * successfulTokens + 0.3577266364993499 * tokenDistanceToBorder (EV: 5.0)
                 Player C| Q = 0.2525165161291661 * activeTokens + 0.3970887034715883 * successfulTokens + 0.3503947803992455 * tokenDistanceToBorder (EV: 45.4)

 
          Game over. 
         Player A/ Team 2: 0
         Player B/ Team 1: 1
         Player C/ Team 0: 5 <--WINNER ON SERVER within 9 turns

 
--------------------------------------------------
--------------------------------------------------
Depth report.
     Team 2:
        Depth 7 was reached 5 times.
        Depth 9 was reached 2 times.
        Depth 10 was reached 2 times.
        Fallback choosing random token happened 0 times.
     Team 1:
        Depth 7 was reached 3 times.
        Depth 9 was reached 3 times.
        Depth 10 was reached 3 times.
        Fallback choosing random token happened 0 times.
     Team 0:
        Depth 7 was reached 6 times.
        Depth 9 was reached 2 times.
        Depth 10 was reached 2 times.
        Fallback choosing random token happened 0 times.
--------------------------------------------------
--------------------------------------------------

 
                  Evaluation. 
                 Player A| Q = 0.19179999477274556 * activeTokens + 0.368680712191053 * successfulTokens + 0.4395192930362014 * tokenDistanceToBorder (EV: 3.0)
                 Player B| Q = 0.2119469123752558 * activeTokens + 0.4303264511253944 * successfulTokens + 0.3577266364993499 * tokenDistanceToBorder (EV: 5.0)
                 Player C| Q = 0.2525165161291661 * activeTokens + 0.3970887034715883 * successfulTokens + 0.3503947803992455 * tokenDistanceToBorder (EV: 44.6)

 
Calculating medium parameter evaluation from 20 games played. 
[3.0, 8.0, 3.0, 3.0, 3.0, 3.0, 3.0, 44.86666666666667, 8.0, 3.0, 3.0, 8.0, 2.0, 44.86666666666667, 0.0, 44.86666666666667, 44.86666666666667, 3.0, 3.0, 3.0] ----> Writing medium:Q = 0.19179999477274556 * activeTokens + 0.368680712191053 * successfulTokens + 0.4395192930362014 * tokenDistanceToBorder (EV: 11.923333333333336)
[45.4, 0.0, 43.13333333333333, 5.0, 44.6, 5.0, 5.0, 5.0, 0.0, 5.0, 5.0, 0.0, 6.0, 3.0, 8.0, 3.0, 5.0, 5.0, 5.0, 5.0] ----> Writing medium:Q = 0.2119469123752558 * activeTokens + 0.4303264511253944 * successfulTokens + 0.3577266364993499 * tokenDistanceToBorder (EV: 10.156666666666666)
[5.0, 41.33333333333333, 5.0, 43.13333333333333, 5.0, 45.4, 43.13333333333333, 3.0, 41.33333333333333, 45.4, 44.6, 41.33333333333333, 41.86666666666667, 5.0, 40.266666666666666, 5.0, 3.0, 44.6, 45.4, 44.6] ----> Writing medium:Q = 0.2525165161291661 * activeTokens + 0.3970887034715883 * successfulTokens + 0.3503947803992455 * tokenDistanceToBorder (EV: 29.669999999999998)

 
          Game over. 
         Player A/ Team 2: 0
         Player B/ Team 0: 4
         Player C/ Team 1: 5 <--WINNER ON SERVER within 9 turns

 
--------------------------------------------------
--------------------------------------------------
Depth report.
     Team 2:
        Depth 7 was reached 3 times.
        Depth 9 was reached 1 times.
        Depth 10 was reached 5 times.
        Fallback choosing random token happened 0 times.
     Team 0:
        Depth 7 was reached 5 times.
        Depth 9 was reached 5 times.
        Depth 10 was reached 0 times.
        Fallback choosing random token happened 0 times.
     Team 1:
        Depth 7 was reached 3 times.
        Depth 9 was reached 4 times.
        Depth 10 was reached 3 times.
        Fallback choosing random token happened 0 times.
--------------------------------------------------
--------------------------------------------------

 
                  Evaluation. 
                 Player A| Q = 0.22216943649654577 * activeTokens + 0.3976103889785163 * successfulTokens + 0.38022017452493795 * tokenDistanceToBorder (EV: 0.0)
                 Player B| Q = 0.19669665168703893 * activeTokens + 0.5258947514382203 * successfulTokens + 0.2774085968747409 * tokenDistanceToBorder (EV: 8.0)
                 Player C| Q = 0.25857751717191896 * activeTokens + 0.40461607573436204 * successfulTokens + 0.33680640709371895 * tokenDistanceToBorder (EV: 41.6)

 
          Game over. 
         Player A/ Team 0: 4
         Player B/ Team 2: 0
         Player C/ Team 1: 5 <--WINNER ON SERVER within 10 turns

 
--------------------------------------------------
--------------------------------------------------
Depth report.
     Team 0:
        Depth 7 was reached 5 times.
        Depth 9 was reached 5 times.
        Depth 10 was reached 0 times.
        Fallback choosing random token happened 0 times.
     Team 2:
        Depth 7 was reached 3 times.
        Depth 9 was reached 1 times.
        Depth 10 was reached 5 times.
        Fallback choosing random token happened 0 times.
     Team 1:
        Depth 7 was reached 3 times.
        Depth 9 was reached 4 times.
        Depth 10 was reached 3 times.
        Fallback choosing random token happened 0 times.
--------------------------------------------------
--------------------------------------------------

 
                  Evaluation. 
                 Player A| Q = 0.22216943649654577 * activeTokens + 0.3976103889785163 * successfulTokens + 0.38022017452493795 * tokenDistanceToBorder (EV: 8.0)
                 Player B| Q = 0.19669665168703893 * activeTokens + 0.5258947514382203 * successfulTokens + 0.2774085968747409 * tokenDistanceToBorder (EV: 0.0)
                 Player C| Q = 0.25857751717191896 * activeTokens + 0.40461607573436204 * successfulTokens + 0.33680640709371895 * tokenDistanceToBorder (EV: 41.33333333333333)

 
          Game over. 
         Player A/ Team 1: 1
         Player B/ Team 2: 0
         Player C/ Team 0: 6 <--WINNER ON SERVER within 7 turns

 
--------------------------------------------------
--------------------------------------------------
Depth report.
     Team 1:
        Depth 7 was reached 2 times.
        Depth 9 was reached 4 times.
        Depth 10 was reached 1 times.
        Fallback choosing random token happened 0 times.
     Team 2:
        Depth 7 was reached 4 times.
        Depth 9 was reached 2 times.
        Depth 10 was reached 1 times.
        Fallback choosing random token happened 0 times.
     Team 0:
        Depth 7 was reached 6 times.
        Depth 9 was reached 2 times.
        Depth 10 was reached 0 times.
        Fallback choosing random token happened 0 times.
--------------------------------------------------
--------------------------------------------------

 
                  Evaluation. 
                 Player A| Q = 0.22216943649654577 * activeTokens + 0.3976103889785163 * successfulTokens + 0.38022017452493795 * tokenDistanceToBorder (EV: 5.0)
                 Player B| Q = 0.19669665168703893 * activeTokens + 0.5258947514382203 * successfulTokens + 0.2774085968747409 * tokenDistanceToBorder (EV: 3.0)
                 Player C| Q = 0.25857751717191896 * activeTokens + 0.40461607573436204 * successfulTokens + 0.33680640709371895 * tokenDistanceToBorder (EV: 45.13333333333333)

 
          Game over. 
         Player A/ Team 0: 4
         Player B/ Team 2: 0
         Player C/ Team 1: 5 <--WINNER ON SERVER within 10 turns

 
--------------------------------------------------
--------------------------------------------------
Depth report.
     Team 0:
        Depth 7 was reached 5 times.
        Depth 9 was reached 5 times.
        Depth 10 was reached 0 times.
        Fallback choosing random token happened 0 times.
     Team 2:
        Depth 7 was reached 3 times.
        Depth 9 was reached 1 times.
        Depth 10 was reached 5 times.
        Fallback choosing random token happened 0 times.
     Team 1:
        Depth 7 was reached 3 times.
        Depth 9 was reached 4 times.
        Depth 10 was reached 3 times.
        Fallback choosing random token happened 0 times.
--------------------------------------------------
--------------------------------------------------

 
                  Evaluation. 
                 Player A| Q = 0.22216943649654577 * activeTokens + 0.3976103889785163 * successfulTokens + 0.38022017452493795 * tokenDistanceToBorder (EV: 8.0)
                 Player B| Q = 0.19669665168703893 * activeTokens + 0.5258947514382203 * successfulTokens + 0.2774085968747409 * tokenDistanceToBorder (EV: 0.0)
                 Player C| Q = 0.25857751717191896 * activeTokens + 0.40461607573436204 * successfulTokens + 0.33680640709371895 * tokenDistanceToBorder (EV: 41.33333333333333)

 
          Game over. 
         Player A/ Team 0: 4
         Player B/ Team 2: 0
         Player C/ Team 1: 5 <--WINNER ON SERVER within 10 turns

 
--------------------------------------------------
--------------------------------------------------
Depth report.
     Team 0:
        Depth 7 was reached 5 times.
        Depth 9 was reached 5 times.
        Depth 10 was reached 0 times.
        Fallback choosing random token happened 0 times.
     Team 2:
        Depth 7 was reached 3 times.
        Depth 9 was reached 1 times.
        Depth 10 was reached 5 times.
        Fallback choosing random token happened 0 times.
     Team 1:
        Depth 7 was reached 3 times.
        Depth 9 was reached 4 times.
        Depth 10 was reached 3 times.
        Fallback choosing random token happened 0 times.
--------------------------------------------------
--------------------------------------------------

 
                  Evaluation. 
                 Player A| Q = 0.22216943649654577 * activeTokens + 0.3976103889785163 * successfulTokens + 0.38022017452493795 * tokenDistanceToBorder (EV: 8.0)
                 Player B| Q = 0.19669665168703893 * activeTokens + 0.5258947514382203 * successfulTokens + 0.2774085968747409 * tokenDistanceToBorder (EV: 0.0)
                 Player C| Q = 0.25857751717191896 * activeTokens + 0.40461607573436204 * successfulTokens + 0.33680640709371895 * tokenDistanceToBorder (EV: 41.33333333333333)

 
          Game over. 
         Player A/ Team 2: 0
         Player B/ Team 0: 4
         Player C/ Team 1: 5 <--WINNER ON SERVER within 9 turns

 
--------------------------------------------------
--------------------------------------------------
Depth report.
     Team 2:
        Depth 7 was reached 3 times.
        Depth 9 was reached 1 times.
        Depth 10 was reached 5 times.
        Fallback choosing random token happened 0 times.
     Team 0:
        Depth 7 was reached 5 times.
        Depth 9 was reached 5 times.
        Depth 10 was reached 0 times.
        Fallback choosing random token happened 0 times.
     Team 1:
        Depth 7 was reached 3 times.
        Depth 9 was reached 4 times.
        Depth 10 was reached 3 times.
        Fallback choosing random token happened 0 times.
--------------------------------------------------
--------------------------------------------------

 
                  Evaluation. 
                 Player A| Q = 0.22216943649654577 * activeTokens + 0.3976103889785163 * successfulTokens + 0.38022017452493795 * tokenDistanceToBorder (EV: 0.0)
                 Player B| Q = 0.19669665168703893 * activeTokens + 0.5258947514382203 * successfulTokens + 0.2774085968747409 * tokenDistanceToBorder (EV: 8.0)
