
 
----------------------------------------------------------------------
 Starting Generation (Number: 6).
 
Creating mutations. 
High Mutations: [0.06, -0.0849, 0.0249][0.0486, -0.0317, -0.0169][-0.0402, 0.0996, -0.0594]
Low_Mutations: [0.0, 0.0, 0.0][0.05816, -0.00972, -0.04844][0.0973, -0.08944, -0.00786]
 
Recombination. 
Parent: Q = 0.25727039857352463 * activeTokens + 0.39689646881582047 * successfulTokens + 0.345833132610655 * tokenDistanceToBorder (EV: 14.823333333333332)
Child: Q = 0.26467396031396884 * activeTokens + 0.44425534878453016 * successfulTokens + 0.291070690901501 * tokenDistanceToBorder (EV: 0.0)
Child: Q = 0.32263004248281424 * activeTokens + 0.36224749251561394 * successfulTokens + 0.3151224650015718 * tokenDistanceToBorder (EV: 0.0)
Parent: Q = 0.32356166836265954 * activeTokens + 0.4703768603286629 * successfulTokens + 0.20606147130867772 * tokenDistanceToBorder (EV: 15.723333333333334)
Child: Q = 0.3208527226296363 * activeTokens + 0.4348664634731772 * successfulTokens + 0.24428081389718653 * tokenDistanceToBorder (EV: 0.0)
Child: Q = 0.31161838687073357 * activeTokens + 0.41363521870532355 * successfulTokens + 0.2747463944239429 * tokenDistanceToBorder (EV: 0.0)
Parent: Q = 0.22620582523055674 * activeTokens + 0.45798508472595645 * successfulTokens + 0.3158090900434869 * tokenDistanceToBorder (EV: 21.21666666666667)
Child: Q = 0.35865940689777975 * activeTokens + 0.357862148964838 * successfulTokens + 0.28347844413738227 * tokenDistanceToBorder (EV: 0.0)
Child: Q = 0.22584338526084244 * activeTokens + 0.5404624451848135 * successfulTokens + 0.23369416955434408 * tokenDistanceToBorder (EV: 0.0)

 
          Game over. 
         Player A/ Team 2: 5 <--WINNER ON SERVER within 12 turns
         Player B/ Team 1: 2
         Player C/ Team 0: 0

 
--------------------------------------------------
--------------------------------------------------
Depth report.
     Team 2:
        Depth 7 was reached 8 times.
        Depth 9 was reached 1 times.
        Depth 10 was reached 3 times.
        Fallback choosing random token happened 0 times.
     Team 1:
        Depth 7 was reached 11 times.
        Depth 9 was reached 0 times.
        Depth 10 was reached 0 times.
        Fallback choosing random token happened 1 times.
     Team 0:
        Depth 7 was reached 5 times.
        Depth 9 was reached 0 times.
        Depth 10 was reached 0 times.
        Fallback choosing random token happened 7 times.
--------------------------------------------------
--------------------------------------------------

 
                  Evaluation. 
                 Player A| Q = 0.25727039857352463 * activeTokens + 0.39689646881582047 * successfulTokens + 0.345833132610655 * tokenDistanceToBorder (EV: 42.8)
                 Player B| Q = 0.26467396031396884 * activeTokens + 0.44425534878453016 * successfulTokens + 0.291070690901501 * tokenDistanceToBorder (EV: 6.0)
                 Player C| Q = 0.32263004248281424 * activeTokens + 0.36224749251561394 * successfulTokens + 0.3151224650015718 * tokenDistanceToBorder (EV: 2.0)

 
          Game over. 
         Player A/ Team 0: 1
         Player B/ Team 2: 5 <--WINNER ON SERVER within 11 turns
         Player C/ Team 1: 0

 
--------------------------------------------------
--------------------------------------------------
Depth report.
     Team 0:
        Depth 7 was reached 5 times.
        Depth 9 was reached 0 times.
        Depth 10 was reached 0 times.
        Fallback choosing random token happened 6 times.
     Team 2:
        Depth 7 was reached 7 times.
        Depth 9 was reached 2 times.
        Depth 10 was reached 2 times.
        Fallback choosing random token happened 0 times.
     Team 1:
        Depth 7 was reached 6 times.
        Depth 9 was reached 0 times.
        Depth 10 was reached 0 times.
        Fallback choosing random token happened 5 times.
--------------------------------------------------
--------------------------------------------------

 
                  Evaluation. 
                 Player A| Q = 0.25727039857352463 * activeTokens + 0.39689646881582047 * successfulTokens + 0.345833132610655 * tokenDistanceToBorder (EV: 5.0)
                 Player B| Q = 0.26467396031396884 * activeTokens + 0.44425534878453016 * successfulTokens + 0.291070690901501 * tokenDistanceToBorder (EV: 44.06666666666666)
                 Player C| Q = 0.32263004248281424 * activeTokens + 0.36224749251561394 * successfulTokens + 0.3151224650015718 * tokenDistanceToBorder (EV: 3.0)

 
          Game over. 
         Player A/ Team 1: 6 <--WINNER ON SERVER within 13 turns
         Player B/ Team 0: 1
         Player C/ Team 2: 1

 
--------------------------------------------------
--------------------------------------------------
Depth report.
     Team 1:
        Depth 7 was reached 12 times.
        Depth 9 was reached 1 times.
        Depth 10 was reached 0 times.
        Fallback choosing random token happened 0 times.
     Team 0:
        Depth 7 was reached 6 times.
        Depth 9 was reached 0 times.
        Depth 10 was reached 0 times.
        Fallback choosing random token happened 7 times.
     Team 2:
        Depth 7 was reached 12 times.
        Depth 9 was reached 0 times.
        Depth 10 was reached 0 times.
        Fallback choosing random token happened 0 times.
--------------------------------------------------
--------------------------------------------------

 
                  Evaluation. 
                 Player A| Q = 0.25727039857352463 * activeTokens + 0.39689646881582047 * successfulTokens + 0.345833132610655 * tokenDistanceToBorder (EV: 42.53333333333333)
                 Player B| Q = 0.26467396031396884 * activeTokens + 0.44425534878453016 * successfulTokens + 0.291070690901501 * tokenDistanceToBorder (EV: 4.0)
                 Player C| Q = 0.32263004248281424 * activeTokens + 0.36224749251561394 * successfulTokens + 0.3151224650015718 * tokenDistanceToBorder (EV: 4.0)

 
          Game over. 
         Player A/ Team 2: 0
         Player B/ Team 0: 2
         Player C/ Team 1: 4 <--WINNER ON SERVER within 10 turns

 
!!!!!!!!!!!!!!!!!!!!!!!!!!!!!!!!!!!!!!!!!!!!!!!!!!!!!!!!!!!!!!!!!!!!! 
 ERROR OCCURED. 
 Winner on server didn't match the calculated winner. 
 !!!!!!!!!!!!!!!!!!!!!!!!!!!!!!!!!!!!!!!!!!!!!!!!!!!!!!!!!!!!!!!!!!!!!
 
--------------------------------------------------
--------------------------------------------------
Depth report.
     Team 2:
        Depth 7 was reached 9 times.
        Depth 9 was reached 1 times.
        Depth 10 was reached 0 times.
        Fallback choosing random token happened 0 times.
     Team 0:
        Depth 7 was reached 8 times.
        Depth 9 was reached 0 times.
        Depth 10 was reached 0 times.
        Fallback choosing random token happened 3 times.
     Team 1:
        Depth 7 was reached 11 times.
        Depth 9 was reached 0 times.
        Depth 10 was reached 0 times.
        Fallback choosing random token happened 0 times.
--------------------------------------------------
--------------------------------------------------

 
                  Evaluation. 
                 Player A| Q = 0.25727039857352463 * activeTokens + 0.39689646881582047 * successfulTokens + 0.345833132610655 * tokenDistanceToBorder (EV: 18.0)
                 Player B| Q = 0.26467396031396884 * activeTokens + 0.44425534878453016 * successfulTokens + 0.291070690901501 * tokenDistanceToBorder (EV: 22.0)
                 Player C| Q = 0.32263004248281424 * activeTokens + 0.36224749251561394 * successfulTokens + 0.3151224650015718 * tokenDistanceToBorder (EV: 26.0)

 
          Game over. 
         Player A/ Team 1: 5 <--WINNER ON SERVER within 18 turns
         Player B/ Team 2: 0
         Player C/ Team 0: 4

 
--------------------------------------------------
--------------------------------------------------
Depth report.
     Team 1:
        Depth 7 was reached 17 times.
        Depth 9 was reached 0 times.
        Depth 10 was reached 0 times.
        Fallback choosing random token happened 1 times.
     Team 2:
        Depth 7 was reached 16 times.
        Depth 9 was reached 1 times.
        Depth 10 was reached 0 times.
        Fallback choosing random token happened 0 times.
     Team 0:
        Depth 7 was reached 3 times.
        Depth 9 was reached 0 times.
        Depth 10 was reached 0 times.
        Fallback choosing random token happened 15 times.
--------------------------------------------------
--------------------------------------------------

 
                  Evaluation. 
                 Player A| Q = 0.25727039857352463 * activeTokens + 0.39689646881582047 * successfulTokens + 0.345833132610655 * tokenDistanceToBorder (EV: 40.0)
                 Player B| Q = 0.26467396031396884 * activeTokens + 0.44425534878453016 * successfulTokens + 0.291070690901501 * tokenDistanceToBorder (EV: 0.0)
                 Player C| Q = 0.32263004248281424 * activeTokens + 0.36224749251561394 * successfulTokens + 0.3151224650015718 * tokenDistanceToBorder (EV: 8.0)

 
          Game over. 
         Player A/ Team 2: 5 <--WINNER ON SERVER within 11 turns
         Player B/ Team 1: 2
         Player C/ Team 0: 1

 
--------------------------------------------------
--------------------------------------------------
Depth report.
     Team 2:
        Depth 7 was reached 7 times.
        Depth 9 was reached 2 times.
        Depth 10 was reached 2 times.
        Fallback choosing random token happened 0 times.
     Team 1:
        Depth 7 was reached 10 times.
        Depth 9 was reached 0 times.
        Depth 10 was reached 0 times.
        Fallback choosing random token happened 1 times.
     Team 0:
        Depth 7 was reached 4 times.
        Depth 9 was reached 0 times.
        Depth 10 was reached 0 times.
        Fallback choosing random token happened 7 times.
--------------------------------------------------
--------------------------------------------------

 
                  Evaluation. 
                 Player A| Q = 0.25727039857352463 * activeTokens + 0.39689646881582047 * successfulTokens + 0.345833132610655 * tokenDistanceToBorder (EV: 42.06666666666666)
                 Player B| Q = 0.26467396031396884 * activeTokens + 0.44425534878453016 * successfulTokens + 0.291070690901501 * tokenDistanceToBorder (EV: 5.0)
                 Player C| Q = 0.32263004248281424 * activeTokens + 0.36224749251561394 * successfulTokens + 0.3151224650015718 * tokenDistanceToBorder (EV: 3.0)

 
          Game over. 
         Player A/ Team 1: 4
         Player B/ Team 2: 3 <--WINNER ON SERVER within 11 turns
         Player C/ Team 0: 1

 
!!!!!!!!!!!!!!!!!!!!!!!!!!!!!!!!!!!!!!!!!!!!!!!!!!!!!!!!!!!!!!!!!!!!! 
 ERROR OCCURED. 
 Winner on server didn't match the calculated winner. 
 !!!!!!!!!!!!!!!!!!!!!!!!!!!!!!!!!!!!!!!!!!!!!!!!!!!!!!!!!!!!!!!!!!!!!
 
--------------------------------------------------
--------------------------------------------------
Depth report.
     Team 1:
        Depth 7 was reached 11 times.
        Depth 9 was reached 0 times.
        Depth 10 was reached 0 times.
        Fallback choosing random token happened 0 times.
     Team 2:
        Depth 7 was reached 7 times.
        Depth 9 was reached 3 times.
        Depth 10 was reached 1 times.
        Fallback choosing random token happened 0 times.
     Team 0:
        Depth 7 was reached 5 times.
        Depth 9 was reached 0 times.
        Depth 10 was reached 0 times.
        Fallback choosing random token happened 6 times.
--------------------------------------------------
--------------------------------------------------

 
                  Evaluation. 
                 Player A| Q = 0.25727039857352463 * activeTokens + 0.39689646881582047 * successfulTokens + 0.345833132610655 * tokenDistanceToBorder (EV: 24.0)
                 Player B| Q = 0.26467396031396884 * activeTokens + 0.44425534878453016 * successfulTokens + 0.291070690901501 * tokenDistanceToBorder (EV: 22.0)
                 Player C| Q = 0.32263004248281424 * activeTokens + 0.36224749251561394 * successfulTokens + 0.3151224650015718 * tokenDistanceToBorder (EV: 18.0)

 
          Game over. 
         Player A/ Team 2: 0
         Player B/ Team 0: 0
         Player C/ Team 1: 6 <--WINNER ON SERVER within 10 turns

 
--------------------------------------------------
--------------------------------------------------
Depth report.
     Team 2:
        Depth 7 was reached 8 times.
        Depth 9 was reached 2 times.
        Depth 10 was reached 0 times.
        Fallback choosing random token happened 0 times.
     Team 0:
        Depth 7 was reached 5 times.
        Depth 9 was reached 0 times.
        Depth 10 was reached 0 times.
        Fallback choosing random token happened 6 times.
     Team 1:
        Depth 7 was reached 8 times.
        Depth 9 was reached 2 times.
        Depth 10 was reached 0 times.
        Fallback choosing random token happened 1 times.
--------------------------------------------------
--------------------------------------------------

 
                  Evaluation. 
                 Player A| Q = 0.25727039857352463 * activeTokens + 0.39689646881582047 * successfulTokens + 0.345833132610655 * tokenDistanceToBorder (EV: 4.0)
                 Player B| Q = 0.26467396031396884 * activeTokens + 0.44425534878453016 * successfulTokens + 0.291070690901501 * tokenDistanceToBorder (EV: 4.0)
                 Player C| Q = 0.32263004248281424 * activeTokens + 0.36224749251561394 * successfulTokens + 0.3151224650015718 * tokenDistanceToBorder (EV: 45.33333333333333)

 
          Game over. 
         Player A/ Team 1: 5 <--WINNER ON SERVER within 11 turns
         Player B/ Team 0: 2
         Player C/ Team 2: 0

 
--------------------------------------------------
--------------------------------------------------
Depth report.
     Team 1:
        Depth 7 was reached 11 times.
        Depth 9 was reached 0 times.
        Depth 10 was reached 0 times.
        Fallback choosing random token happened 0 times.
     Team 0:
        Depth 7 was reached 10 times.
        Depth 9 was reached 0 times.
        Depth 10 was reached 0 times.
        Fallback choosing random token happened 1 times.
     Team 2:
        Depth 7 was reached 10 times.
        Depth 9 was reached 0 times.
        Depth 10 was reached 0 times.
        Fallback choosing random token happened 0 times.
--------------------------------------------------
--------------------------------------------------

 
                  Evaluation. 
                 Player A| Q = 0.25727039857352463 * activeTokens + 0.39689646881582047 * successfulTokens + 0.345833132610655 * tokenDistanceToBorder (EV: 43.06666666666666)
                 Player B| Q = 0.26467396031396884 * activeTokens + 0.44425534878453016 * successfulTokens + 0.291070690901501 * tokenDistanceToBorder (EV: 6.0)
                 Player C| Q = 0.32263004248281424 * activeTokens + 0.36224749251561394 * successfulTokens + 0.3151224650015718 * tokenDistanceToBorder (EV: 2.0)

 
          Game over. 
         Player A/ Team 2: 1
         Player B/ Team 1: 1
         Player C/ Team 0: 5 <--WINNER ON SERVER within 10 turns

 
--------------------------------------------------
--------------------------------------------------
Depth report.
     Team 2:
        Depth 7 was reached 9 times.
        Depth 9 was reached 1 times.
        Depth 10 was reached 0 times.
        Fallback choosing random token happened 0 times.
     Team 1:
        Depth 7 was reached 9 times.
        Depth 9 was reached 0 times.
        Depth 10 was reached 1 times.
        Fallback choosing random token happened 0 times.
     Team 0:
        Depth 7 was reached 9 times.
        Depth 9 was reached 1 times.
        Depth 10 was reached 0 times.
        Fallback choosing random token happened 1 times.
--------------------------------------------------
--------------------------------------------------

 
                  Evaluation. 
                 Player A| Q = 0.25727039857352463 * activeTokens + 0.39689646881582047 * successfulTokens + 0.345833132610655 * tokenDistanceToBorder (EV: 4.0)
                 Player B| Q = 0.26467396031396884 * activeTokens + 0.44425534878453016 * successfulTokens + 0.291070690901501 * tokenDistanceToBorder (EV: 4.0)
                 Player C| Q = 0.32263004248281424 * activeTokens + 0.36224749251561394 * successfulTokens + 0.3151224650015718 * tokenDistanceToBorder (EV: 43.33333333333333)

 
          Game over. 
         Player A/ Team 1: 0
         Player B/ Team 2: 0
         Player C/ Team 0: 5 <--WINNER ON SERVER within 9 turns

 
--------------------------------------------------
--------------------------------------------------
Depth report.
     Team 1:
        Depth 7 was reached 9 times.
        Depth 9 was reached 0 times.
        Depth 10 was reached 0 times.
        Fallback choosing random token happened 0 times.
     Team 2:
        Depth 7 was reached 8 times.
        Depth 9 was reached 1 times.
        Depth 10 was reached 0 times.
        Fallback choosing random token happened 0 times.
     Team 0:
        Depth 7 was reached 9 times.
        Depth 9 was reached 0 times.
        Depth 10 was reached 0 times.
        Fallback choosing random token happened 1 times.
--------------------------------------------------
--------------------------------------------------

 
                  Evaluation. 
                 Player A| Q = 0.25727039857352463 * activeTokens + 0.39689646881582047 * successfulTokens + 0.345833132610655 * tokenDistanceToBorder (EV: 4.0)
                 Player B| Q = 0.26467396031396884 * activeTokens + 0.44425534878453016 * successfulTokens + 0.291070690901501 * tokenDistanceToBorder (EV: 4.0)
                 Player C| Q = 0.32263004248281424 * activeTokens + 0.36224749251561394 * successfulTokens + 0.3151224650015718 * tokenDistanceToBorder (EV: 45.6)

 
          Game over. 
         Player A/ Team 0: 5 <--WINNER ON SERVER within 10 turns
         Player B/ Team 1: 2
         Player C/ Team 2: 1

 
--------------------------------------------------
--------------------------------------------------
Depth report.
     Team 0:
        Depth 7 was reached 8 times.
        Depth 9 was reached 2 times.
        Depth 10 was reached 0 times.
        Fallback choosing random token happened 0 times.
     Team 1:
        Depth 7 was reached 7 times.
        Depth 9 was reached 0 times.
        Depth 10 was reached 2 times.
        Fallback choosing random token happened 0 times.
     Team 2:
        Depth 7 was reached 4 times.
        Depth 9 was reached 1 times.
        Depth 10 was reached 4 times.
        Fallback choosing random token happened 0 times.
--------------------------------------------------
--------------------------------------------------

 
                  Evaluation. 
                 Player A| Q = 0.25727039857352463 * activeTokens + 0.39689646881582047 * successfulTokens + 0.345833132610655 * tokenDistanceToBorder (EV: 42.33333333333333)
                 Player B| Q = 0.26467396031396884 * activeTokens + 0.44425534878453016 * successfulTokens + 0.291070690901501 * tokenDistanceToBorder (EV: 5.0)
                 Player C| Q = 0.32263004248281424 * activeTokens + 0.36224749251561394 * successfulTokens + 0.3151224650015718 * tokenDistanceToBorder (EV: 3.0)

 
          Game over. 
         Player A/ Team 0: 5 <--WINNER ON SERVER within 10 turns
         Player B/ Team 1: 2
         Player C/ Team 2: 1

 
--------------------------------------------------
--------------------------------------------------
Depth report.
     Team 0:
        Depth 7 was reached 7 times.
        Depth 9 was reached 3 times.
        Depth 10 was reached 0 times.
        Fallback choosing random token happened 0 times.
     Team 1:
        Depth 7 was reached 7 times.
        Depth 9 was reached 0 times.
        Depth 10 was reached 2 times.
        Fallback choosing random token happened 0 times.
     Team 2:
        Depth 7 was reached 4 times.
        Depth 9 was reached 0 times.
        Depth 10 was reached 5 times.
        Fallback choosing random token happened 0 times.
--------------------------------------------------
--------------------------------------------------

 
                  Evaluation. 
                 Player A| Q = 0.25727039857352463 * activeTokens + 0.39689646881582047 * successfulTokens + 0.345833132610655 * tokenDistanceToBorder (EV: 42.33333333333333)
                 Player B| Q = 0.26467396031396884 * activeTokens + 0.44425534878453016 * successfulTokens + 0.291070690901501 * tokenDistanceToBorder (EV: 5.0)
                 Player C| Q = 0.32263004248281424 * activeTokens + 0.36224749251561394 * successfulTokens + 0.3151224650015718 * tokenDistanceToBorder (EV: 3.0)

 
          Game over. 
         Player A/ Team 1: 0
         Player B/ Team 2: 0
         Player C/ Team 0: 5 <--WINNER ON SERVER within 9 turns

 
--------------------------------------------------
--------------------------------------------------
Depth report.
     Team 1:
        Depth 7 was reached 9 times.
        Depth 9 was reached 0 times.
        Depth 10 was reached 0 times.
        Fallback choosing random token happened 0 times.
     Team 2:
        Depth 7 was reached 7 times.
        Depth 9 was reached 2 times.
        Depth 10 was reached 0 times.
        Fallback choosing random token happened 0 times.
     Team 0:
        Depth 7 was reached 9 times.
        Depth 9 was reached 0 times.
        Depth 10 was reached 0 times.
        Fallback choosing random token happened 1 times.
--------------------------------------------------
--------------------------------------------------

 
                  Evaluation. 
                 Player A| Q = 0.25727039857352463 * activeTokens + 0.39689646881582047 * successfulTokens + 0.345833132610655 * tokenDistanceToBorder (EV: 4.0)
                 Player B| Q = 0.26467396031396884 * activeTokens + 0.44425534878453016 * successfulTokens + 0.291070690901501 * tokenDistanceToBorder (EV: 4.0)
                 Player C| Q = 0.32263004248281424 * activeTokens + 0.36224749251561394 * successfulTokens + 0.3151224650015718 * tokenDistanceToBorder (EV: 45.6)

 
!!!!!!!!!!!!!!!!!!!!!!!!!!!ERROR DETECTED!!!!!!!!!!!!!!!!!!!!!!!!!. 


You got kicked because your move was invalid!



 
INFO: Team 2 lost prematurely (probably because it had no more tokens to play). 


 
          Game over. 
         Player A/ Team 0: 6 <--WINNER ON SERVER within 10 turns
         Player B/ Team 2: 3
         Player C/ Team 1: 3

 
--------------------------------------------------
--------------------------------------------------
Depth report.
     Team 0:
        Depth 7 was reached 5 times.
        Depth 9 was reached 0 times.
        Depth 10 was reached 5 times.
        Fallback choosing random token happened 0 times.
     Team 2:
        Depth 7 was reached 2 times.
        Depth 9 was reached 0 times.
        Depth 10 was reached 5 times.
        Fallback choosing random token happened 0 times.
     Team 1:
        Depth 7 was reached 2 times.
        Depth 9 was reached 2 times.
        Depth 10 was reached 5 times.
        Fallback choosing random token happened 0 times.
--------------------------------------------------
--------------------------------------------------

 
                  Evaluation. 
                 Player A| Q = 0.25727039857352463 * activeTokens + 0.39689646881582047 * successfulTokens + 0.345833132610655 * tokenDistanceToBorder (EV: 39.333333333333336)
                 Player B| Q = 0.26467396031396884 * activeTokens + 0.44425534878453016 * successfulTokens + 0.291070690901501 * tokenDistanceToBorder (EV: 1.0)
                 Player C| Q = 0.32263004248281424 * activeTokens + 0.36224749251561394 * successfulTokens + 0.3151224650015718 * tokenDistanceToBorder (EV: 4.0)

 
          Game over. 
         Player A/ Team 2: 1
         Player B/ Team 1: 6 <--WINNER ON SERVER within 12 turns
         Player C/ Team 0: 2

 
--------------------------------------------------
--------------------------------------------------
Depth report.
     Team 2:
        Depth 7 was reached 9 times.
        Depth 9 was reached 0 times.
        Depth 10 was reached 3 times.
        Fallback choosing random token happened 0 times.
     Team 1:
        Depth 7 was reached 9 times.
        Depth 9 was reached 2 times.
        Depth 10 was reached 2 times.
        Fallback choosing random token happened 0 times.
     Team 0:
        Depth 7 was reached 5 times.
        Depth 9 was reached 1 times.
        Depth 10 was reached 1 times.
        Fallback choosing random token happened 6 times.
--------------------------------------------------
--------------------------------------------------

 
                  Evaluation. 
                 Player A| Q = 0.25727039857352463 * activeTokens + 0.39689646881582047 * successfulTokens + 0.345833132610655 * tokenDistanceToBorder (EV: 3.0)
                 Player B| Q = 0.26467396031396884 * activeTokens + 0.44425534878453016 * successfulTokens + 0.291070690901501 * tokenDistanceToBorder (EV: 41.8)
                 Player C| Q = 0.32263004248281424 * activeTokens + 0.36224749251561394 * successfulTokens + 0.3151224650015718 * tokenDistanceToBorder (EV: 5.0)

 
          Game over. 
         Player A/ Team 2: 0
         Player B/ Team 0: 5 <--WINNER ON SERVER within 6 turns
         Player C/ Team 1: 0

 
--------------------------------------------------
--------------------------------------------------
Depth report.
     Team 2:
        Depth 7 was reached 2 times.
        Depth 9 was reached 1 times.
        Depth 10 was reached 3 times.
        Fallback choosing random token happened 0 times.
     Team 0:
        Depth 7 was reached 6 times.
        Depth 9 was reached 1 times.
        Depth 10 was reached 0 times.
        Fallback choosing random token happened 0 times.
     Team 1:
        Depth 7 was reached 2 times.
        Depth 9 was reached 2 times.
        Depth 10 was reached 2 times.
        Fallback choosing random token happened 0 times.
--------------------------------------------------
--------------------------------------------------

 
                  Evaluation. 
                 Player A| Q = 0.25727039857352463 * activeTokens + 0.39689646881582047 * successfulTokens + 0.345833132610655 * tokenDistanceToBorder (EV: 4.0)
                 Player B| Q = 0.26467396031396884 * activeTokens + 0.44425534878453016 * successfulTokens + 0.291070690901501 * tokenDistanceToBorder (EV: 46.4)
                 Player C| Q = 0.32263004248281424 * activeTokens + 0.36224749251561394 * successfulTokens + 0.3151224650015718 * tokenDistanceToBorder (EV: 4.0)

 
          Game over. 
         Player A/ Team 1: 2
         Player B/ Team 0: 5 <--WINNER ON SERVER within 10 turns
         Player C/ Team 2: 0

 
--------------------------------------------------
--------------------------------------------------
Depth report.
     Team 1:
        Depth 7 was reached 3 times.
        Depth 9 was reached 3 times.
        Depth 10 was reached 4 times.
        Fallback choosing random token happened 0 times.
     Team 0:
        Depth 7 was reached 9 times.
        Depth 9 was reached 2 times.
        Depth 10 was reached 0 times.
        Fallback choosing random token happened 0 times.
     Team 2:
        Depth 7 was reached 3 times.
        Depth 9 was reached 3 times.
        Depth 10 was reached 4 times.
        Fallback choosing random token happened 0 times.
--------------------------------------------------
--------------------------------------------------

 
                  Evaluation. 
                 Player A| Q = 0.25727039857352463 * activeTokens + 0.39689646881582047 * successfulTokens + 0.345833132610655 * tokenDistanceToBorder (EV: 6.0)
                 Player B| Q = 0.26467396031396884 * activeTokens + 0.44425534878453016 * successfulTokens + 0.291070690901501 * tokenDistanceToBorder (EV: 43.33333333333333)
                 Player C| Q = 0.32263004248281424 * activeTokens + 0.36224749251561394 * successfulTokens + 0.3151224650015718 * tokenDistanceToBorder (EV: 2.0)

 
          Game over. 
         Player A/ Team 2: 0
         Player B/ Team 1: 2
         Player C/ Team 0: 5 <--WINNER ON SERVER within 10 turns

 
--------------------------------------------------
--------------------------------------------------
Depth report.
     Team 2:
        Depth 7 was reached 8 times.
        Depth 9 was reached 1 times.
        Depth 10 was reached 1 times.
        Fallback choosing random token happened 0 times.
     Team 1:
        Depth 7 was reached 8 times.
        Depth 9 was reached 1 times.
        Depth 10 was reached 1 times.
        Fallback choosing random token happened 0 times.
     Team 0:
        Depth 7 was reached 8 times.
        Depth 9 was reached 2 times.
        Depth 10 was reached 0 times.
        Fallback choosing random token happened 1 times.
--------------------------------------------------
--------------------------------------------------

 
                  Evaluation. 
                 Player A| Q = 0.25727039857352463 * activeTokens + 0.39689646881582047 * successfulTokens + 0.345833132610655 * tokenDistanceToBorder (EV: 2.0)
                 Player B| Q = 0.26467396031396884 * activeTokens + 0.44425534878453016 * successfulTokens + 0.291070690901501 * tokenDistanceToBorder (EV: 6.0)
                 Player C| Q = 0.32263004248281424 * activeTokens + 0.36224749251561394 * successfulTokens + 0.3151224650015718 * tokenDistanceToBorder (EV: 43.33333333333333)

 
          Game over. 
         Player A/ Team 2: 2
         Player B/ Team 1: 4
         Player C/ Team 0: 5 <--WINNER ON SERVER within 13 turns

 
--------------------------------------------------
--------------------------------------------------
Depth report.
     Team 2:
        Depth 7 was reached 9 times.
        Depth 9 was reached 0 times.
        Depth 10 was reached 4 times.
        Fallback choosing random token happened 0 times.
     Team 1:
        Depth 7 was reached 7 times.
        Depth 9 was reached 5 times.
        Depth 10 was reached 1 times.
        Fallback choosing random token happened 0 times.
     Team 0:
        Depth 7 was reached 10 times.
        Depth 9 was reached 2 times.
        Depth 10 was reached 1 times.
        Fallback choosing random token happened 1 times.
--------------------------------------------------
--------------------------------------------------

 
                  Evaluation. 
                 Player A| Q = 0.25727039857352463 * activeTokens + 0.39689646881582047 * successfulTokens + 0.345833132610655 * tokenDistanceToBorder (EV: 2.0)
                 Player B| Q = 0.26467396031396884 * activeTokens + 0.44425534878453016 * successfulTokens + 0.291070690901501 * tokenDistanceToBorder (EV: 6.0)
                 Player C| Q = 0.32263004248281424 * activeTokens + 0.36224749251561394 * successfulTokens + 0.3151224650015718 * tokenDistanceToBorder (EV: 38.53333333333333)

 
Calculating medium parameter evaluation from 20 games played. 
[42.8, 5.0, 42.53333333333333, 18.0, 40.0, 42.06666666666666, 24.0, 4.0, 43.06666666666666, 4.0, 4.0, 42.33333333333333, 42.33333333333333, 4.0, 39.333333333333336, 3.0, 4.0, 6.0, 2.0, 2.0] ----> Writing medium:Q = 0.25727039857352463 * activeTokens + 0.39689646881582047 * successfulTokens + 0.345833132610655 * tokenDistanceToBorder (EV: 20.72333333333333)
[6.0, 44.06666666666666, 4.0, 22.0, 0.0, 5.0, 22.0, 4.0, 6.0, 4.0, 4.0, 5.0, 5.0, 4.0, 1.0, 41.8, 46.4, 43.33333333333333, 6.0, 6.0] ----> Writing medium:Q = 0.26467396031396884 * activeTokens + 0.44425534878453016 * successfulTokens + 0.291070690901501 * tokenDistanceToBorder (EV: 13.98)
[2.0, 3.0, 4.0, 26.0, 8.0, 3.0, 18.0, 45.33333333333333, 2.0, 43.33333333333333, 45.6, 3.0, 3.0, 45.6, 4.0, 5.0, 4.0, 2.0, 43.33333333333333, 38.53333333333333] ----> Writing medium:Q = 0.32263004248281424 * activeTokens + 0.36224749251561394 * successfulTokens + 0.3151224650015718 * tokenDistanceToBorder (EV: 17.436666666666667)

 
          Game over. 
         Player A/ Team 0: 5 <--WINNER ON SERVER within 9 turns
         Player B/ Team 1: 1
         Player C/ Team 2: 0

 
--------------------------------------------------
--------------------------------------------------
Depth report.
     Team 0:
        Depth 7 was reached 7 times.
        Depth 9 was reached 2 times.
        Depth 10 was reached 0 times.
        Fallback choosing random token happened 0 times.
     Team 1:
        Depth 7 was reached 3 times.
        Depth 9 was reached 5 times.
        Depth 10 was reached 0 times.
        Fallback choosing random token happened 0 times.
     Team 2:
        Depth 7 was reached 5 times.
        Depth 9 was reached 2 times.
        Depth 10 was reached 1 times.
        Fallback choosing random token happened 0 times.
--------------------------------------------------
--------------------------------------------------

 
                  Evaluation. 
                 Player A| Q = 0.32356166836265954 * activeTokens + 0.4703768603286629 * successfulTokens + 0.20606147130867772 * tokenDistanceToBorder (EV: 44.6)
                 Player B| Q = 0.3208527226296363 * activeTokens + 0.4348664634731772 * successfulTokens + 0.24428081389718653 * tokenDistanceToBorder (EV: 5.0)
                 Player C| Q = 0.31161838687073357 * activeTokens + 0.41363521870532355 * successfulTokens + 0.2747463944239429 * tokenDistanceToBorder (EV: 3.0)

 
          Game over. 
         Player A/ Team 2: 0
         Player B/ Team 0: 5 <--WINNER ON SERVER within 7 turns
         Player C/ Team 1: 1

 
--------------------------------------------------
--------------------------------------------------
Depth report.
     Team 2:
        Depth 7 was reached 7 times.
        Depth 9 was reached 0 times.
        Depth 10 was reached 0 times.
        Fallback choosing random token happened 0 times.
     Team 0:
        Depth 7 was reached 6 times.
        Depth 9 was reached 2 times.
        Depth 10 was reached 0 times.
        Fallback choosing random token happened 0 times.
     Team 1:
        Depth 7 was reached 5 times.
        Depth 9 was reached 2 times.
        Depth 10 was reached 0 times.
        Fallback choosing random token happened 0 times.
--------------------------------------------------
--------------------------------------------------

 
                  Evaluation. 
                 Player A| Q = 0.32356166836265954 * activeTokens + 0.4703768603286629 * successfulTokens + 0.20606147130867772 * tokenDistanceToBorder (EV: 3.0)
                 Player B| Q = 0.3208527226296363 * activeTokens + 0.4348664634731772 * successfulTokens + 0.24428081389718653 * tokenDistanceToBorder (EV: 45.13333333333333)
                 Player C| Q = 0.31161838687073357 * activeTokens + 0.41363521870532355 * successfulTokens + 0.2747463944239429 * tokenDistanceToBorder (EV: 5.0)

 
          Game over. 
         Player A/ Team 1: 2
         Player B/ Team 2: 0
         Player C/ Team 0: 5 <--WINNER ON SERVER within 10 turns

 
--------------------------------------------------
--------------------------------------------------
Depth report.
     Team 1:
        Depth 7 was reached 3 times.
        Depth 9 was reached 4 times.
        Depth 10 was reached 3 times.
        Fallback choosing random token happened 0 times.
     Team 2:
        Depth 7 was reached 3 times.
        Depth 9 was reached 5 times.
        Depth 10 was reached 2 times.
        Fallback choosing random token happened 0 times.
     Team 0:
        Depth 7 was reached 10 times.
        Depth 9 was reached 1 times.
        Depth 10 was reached 0 times.
        Fallback choosing random token happened 0 times.
--------------------------------------------------
--------------------------------------------------

 
                  Evaluation. 
                 Player A| Q = 0.32356166836265954 * activeTokens + 0.4703768603286629 * successfulTokens + 0.20606147130867772 * tokenDistanceToBorder (EV: 6.0)
                 Player B| Q = 0.3208527226296363 * activeTokens + 0.4348664634731772 * successfulTokens + 0.24428081389718653 * tokenDistanceToBorder (EV: 2.0)
                 Player C| Q = 0.31161838687073357 * activeTokens + 0.41363521870532355 * successfulTokens + 0.2747463944239429 * tokenDistanceToBorder (EV: 43.33333333333333)

 
          Game over. 
         Player A/ Team 0: 4
         Player B/ Team 1: 5 <--WINNER ON SERVER within 11 turns
         Player C/ Team 2: 0

 
--------------------------------------------------
--------------------------------------------------
Depth report.
     Team 0:
        Depth 7 was reached 10 times.
        Depth 9 was reached 1 times.
        Depth 10 was reached 0 times.
        Fallback choosing random token happened 0 times.
     Team 1:
        Depth 7 was reached 7 times.
        Depth 9 was reached 4 times.
        Depth 10 was reached 0 times.
        Fallback choosing random token happened 0 times.
     Team 2:
        Depth 7 was reached 5 times.
        Depth 9 was reached 4 times.
        Depth 10 was reached 1 times.
        Fallback choosing random token happened 0 times.
--------------------------------------------------
--------------------------------------------------

 
                  Evaluation. 
                 Player A| Q = 0.32356166836265954 * activeTokens + 0.4703768603286629 * successfulTokens + 0.20606147130867772 * tokenDistanceToBorder (EV: 8.0)
                 Player B| Q = 0.3208527226296363 * activeTokens + 0.4348664634731772 * successfulTokens + 0.24428081389718653 * tokenDistanceToBorder (EV: 41.06666666666666)
                 Player C| Q = 0.31161838687073357 * activeTokens + 0.41363521870532355 * successfulTokens + 0.2747463944239429 * tokenDistanceToBorder (EV: 0.0)

 
          Game over. 
         Player A/ Team 0: 5 <--WINNER ON SERVER within 9 turns
         Player B/ Team 1: 1
         Player C/ Team 2: 0

 
--------------------------------------------------
--------------------------------------------------
Depth report.
     Team 0:
        Depth 7 was reached 7 times.
        Depth 9 was reached 2 times.
        Depth 10 was reached 0 times.
        Fallback choosing random token happened 0 times.
     Team 1:
        Depth 7 was reached 3 times.
        Depth 9 was reached 5 times.
        Depth 10 was reached 0 times.
        Fallback choosing random token happened 0 times.
     Team 2:
        Depth 7 was reached 6 times.
        Depth 9 was reached 1 times.
        Depth 10 was reached 1 times.
        Fallback choosing random token happened 0 times.
--------------------------------------------------
--------------------------------------------------

 
                  Evaluation. 
                 Player A| Q = 0.32356166836265954 * activeTokens + 0.4703768603286629 * successfulTokens + 0.20606147130867772 * tokenDistanceToBorder (EV: 44.6)
                 Player B| Q = 0.3208527226296363 * activeTokens + 0.4348664634731772 * successfulTokens + 0.24428081389718653 * tokenDistanceToBorder (EV: 5.0)
                 Player C| Q = 0.31161838687073357 * activeTokens + 0.41363521870532355 * successfulTokens + 0.2747463944239429 * tokenDistanceToBorder (EV: 3.0)

 
          Game over. 
         Player A/ Team 0: 5 <--WINNER ON SERVER within 9 turns
         Player B/ Team 1: 1
         Player C/ Team 2: 0

 
--------------------------------------------------
--------------------------------------------------
Depth report.
     Team 0:
        Depth 7 was reached 6 times.
        Depth 9 was reached 3 times.
        Depth 10 was reached 0 times.
        Fallback choosing random token happened 0 times.
     Team 1:
        Depth 7 was reached 3 times.
        Depth 9 was reached 5 times.
        Depth 10 was reached 0 times.
