
 
----------------------------------------------------------------------
 Starting Generation (Number: 1).
 
Creating mutations. 
High Mutations: [-0.0431, -0.0527, 0.0958][-0.0683, 0.0263, 0.042][0.0562, 0.0234, -0.0796]
Low_Mutations: [0.0, 0.0, 0.0][0.01184, -0.07476, 0.06292][0.07192, -0.05622, -0.0157]
 
Recombination. 
Parent: Q = 0.1464528351188921 * activeTokens + 0.5066435850535669 * successfulTokens + 0.34690357982754116 * tokenDistanceToBorder (EV: 9.103333333333333)
Child: Q = 0.20699870002307896 * activeTokens + 0.4869152118492241 * successfulTokens + 0.3060860881276969 * tokenDistanceToBorder (EV: 0.0)
Child: Q = 0.16472406200346199 * activeTokens + 0.43522441315702426 * successfulTokens + 0.4000515248395138 * tokenDistanceToBorder (EV: 0.0)
Parent: Q = 0.2 * activeTokens + 0.6 * successfulTokens + 0.2 * tokenDistanceToBorder (EV: 10.73)
Child: Q = 0.21861196485259787 * activeTokens + 0.41358686061148475 * successfulTokens + 0.3678011745359173 * tokenDistanceToBorder (EV: 0.0)
Child: Q = 0.14000664023793186 * activeTokens + 0.512711568691821 * successfulTokens + 0.3472817910702471 * tokenDistanceToBorder (EV: 0.0)
Parent: Q = 0.2277887379148158 * activeTokens + 0.440672197543768 * successfulTokens + 0.33153906454141624 * tokenDistanceToBorder (EV: 30.123333333333335)
Child: Q = 0.27754143706184586 * activeTokens + 0.4317718209104105 * successfulTokens + 0.29068674202774364 * tokenDistanceToBorder (EV: 0.0)
Child: Q = 0.26212247396049143 * activeTokens + 0.509867103488645 * successfulTokens + 0.22801042255086365 * tokenDistanceToBorder (EV: 0.0)

 
          Game over. 
         Player A/ Team 2: 2
         Player B/ Team 0: 6 <--WINNER ON SERVER within 10 turns
         Player C/ Team 1: 4

 
--------------------------------------------------
--------------------------------------------------
Depth report.
     Team 2:
        Depth 7 was reached 4 times.
        Depth 9 was reached 1 times.
        Depth 10 was reached 5 times.
        Fallback choosing random token happened 0 times.
     Team 0:
        Depth 7 was reached 5 times.
        Depth 9 was reached 3 times.
        Depth 10 was reached 3 times.
        Fallback choosing random token happened 0 times.
     Team 1:
        Depth 7 was reached 2 times.
        Depth 9 was reached 5 times.
        Depth 10 was reached 3 times.
        Fallback choosing random token happened 0 times.
--------------------------------------------------
--------------------------------------------------

 
                  Evaluation. 
                 Player A| Q = 0.1464528351188921 * activeTokens + 0.5066435850535669 * successfulTokens + 0.34690357982754116 * tokenDistanceToBorder (EV: 2.0)
                 Player B| Q = 0.20699870002307896 * activeTokens + 0.4869152118492241 * successfulTokens + 0.3060860881276969 * tokenDistanceToBorder (EV: 39.333333333333336)
                 Player C| Q = 0.16472406200346199 * activeTokens + 0.43522441315702426 * successfulTokens + 0.4000515248395138 * tokenDistanceToBorder (EV: 6.0)

 
          Game over. 
         Player A/ Team 2: 2
         Player B/ Team 0: 6 <--WINNER ON SERVER within 10 turns
         Player C/ Team 1: 4

 
--------------------------------------------------
--------------------------------------------------
Depth report.
     Team 2:
        Depth 7 was reached 4 times.
        Depth 9 was reached 1 times.
        Depth 10 was reached 5 times.
        Fallback choosing random token happened 0 times.
     Team 0:
        Depth 7 was reached 5 times.
        Depth 9 was reached 3 times.
        Depth 10 was reached 3 times.
        Fallback choosing random token happened 0 times.
     Team 1:
        Depth 7 was reached 2 times.
        Depth 9 was reached 5 times.
        Depth 10 was reached 3 times.
        Fallback choosing random token happened 0 times.
--------------------------------------------------
--------------------------------------------------

 
                  Evaluation. 
                 Player A| Q = 0.1464528351188921 * activeTokens + 0.5066435850535669 * successfulTokens + 0.34690357982754116 * tokenDistanceToBorder (EV: 2.0)
                 Player B| Q = 0.20699870002307896 * activeTokens + 0.4869152118492241 * successfulTokens + 0.3060860881276969 * tokenDistanceToBorder (EV: 39.333333333333336)
                 Player C| Q = 0.16472406200346199 * activeTokens + 0.43522441315702426 * successfulTokens + 0.4000515248395138 * tokenDistanceToBorder (EV: 6.0)

 
          Game over. 
         Player A/ Team 2: 0
         Player B/ Team 1: 1
         Player C/ Team 0: 6 <--WINNER ON SERVER within 9 turns

 
--------------------------------------------------
--------------------------------------------------
Depth report.
     Team 2:
        Depth 7 was reached 5 times.
        Depth 9 was reached 2 times.
        Depth 10 was reached 2 times.
        Fallback choosing random token happened 0 times.
     Team 1:
        Depth 7 was reached 3 times.
        Depth 9 was reached 5 times.
        Depth 10 was reached 1 times.
        Fallback choosing random token happened 0 times.
     Team 0:
        Depth 7 was reached 7 times.
        Depth 9 was reached 3 times.
        Depth 10 was reached 0 times.
        Fallback choosing random token happened 0 times.
--------------------------------------------------
--------------------------------------------------

 
                  Evaluation. 
                 Player A| Q = 0.1464528351188921 * activeTokens + 0.5066435850535669 * successfulTokens + 0.34690357982754116 * tokenDistanceToBorder (EV: 3.0)
                 Player B| Q = 0.20699870002307896 * activeTokens + 0.4869152118492241 * successfulTokens + 0.3060860881276969 * tokenDistanceToBorder (EV: 5.0)
                 Player C| Q = 0.16472406200346199 * activeTokens + 0.43522441315702426 * successfulTokens + 0.4000515248395138 * tokenDistanceToBorder (EV: 44.6)

 
          Game over. 
         Player A/ Team 1: 5 <--WINNER ON SERVER within 10 turns
         Player B/ Team 2: 0
         Player C/ Team 0: 4

 
--------------------------------------------------
--------------------------------------------------
Depth report.
     Team 1:
        Depth 7 was reached 2 times.
        Depth 9 was reached 6 times.
        Depth 10 was reached 2 times.
        Fallback choosing random token happened 0 times.
     Team 2:
        Depth 7 was reached 3 times.
        Depth 9 was reached 1 times.
        Depth 10 was reached 5 times.
        Fallback choosing random token happened 0 times.
     Team 0:
        Depth 7 was reached 4 times.
        Depth 9 was reached 6 times.
        Depth 10 was reached 0 times.
        Fallback choosing random token happened 0 times.
--------------------------------------------------
--------------------------------------------------

 
                  Evaluation. 
                 Player A| Q = 0.1464528351188921 * activeTokens + 0.5066435850535669 * successfulTokens + 0.34690357982754116 * tokenDistanceToBorder (EV: 41.33333333333333)
                 Player B| Q = 0.20699870002307896 * activeTokens + 0.4869152118492241 * successfulTokens + 0.3060860881276969 * tokenDistanceToBorder (EV: 0.0)
                 Player C| Q = 0.16472406200346199 * activeTokens + 0.43522441315702426 * successfulTokens + 0.4000515248395138 * tokenDistanceToBorder (EV: 8.0)

 
          Game over. 
         Player A/ Team 1: 1
         Player B/ Team 2: 2
         Player C/ Team 0: 6 <--WINNER ON SERVER within 7 turns

 
--------------------------------------------------
--------------------------------------------------
Depth report.
     Team 1:
        Depth 7 was reached 4 times.
        Depth 9 was reached 1 times.
        Depth 10 was reached 2 times.
        Fallback choosing random token happened 0 times.
     Team 2:
        Depth 7 was reached 2 times.
        Depth 9 was reached 1 times.
        Depth 10 was reached 4 times.
        Fallback choosing random token happened 0 times.
     Team 0:
        Depth 7 was reached 4 times.
        Depth 9 was reached 2 times.
        Depth 10 was reached 2 times.
        Fallback choosing random token happened 0 times.
--------------------------------------------------
--------------------------------------------------

 
                  Evaluation. 
                 Player A| Q = 0.1464528351188921 * activeTokens + 0.5066435850535669 * successfulTokens + 0.34690357982754116 * tokenDistanceToBorder (EV: 3.0)
                 Player B| Q = 0.20699870002307896 * activeTokens + 0.4869152118492241 * successfulTokens + 0.3060860881276969 * tokenDistanceToBorder (EV: 5.0)
                 Player C| Q = 0.16472406200346199 * activeTokens + 0.43522441315702426 * successfulTokens + 0.4000515248395138 * tokenDistanceToBorder (EV: 43.13333333333333)

 
          Game over. 
         Player A/ Team 0: 6 <--WINNER ON SERVER within 8 turns
         Player B/ Team 2: 2
         Player C/ Team 1: 1

 
--------------------------------------------------
--------------------------------------------------
Depth report.
     Team 0:
        Depth 7 was reached 3 times.
        Depth 9 was reached 3 times.
        Depth 10 was reached 2 times.
        Fallback choosing random token happened 0 times.
     Team 2:
        Depth 7 was reached 2 times.
        Depth 9 was reached 1 times.
        Depth 10 was reached 4 times.
        Fallback choosing random token happened 0 times.
     Team 1:
        Depth 7 was reached 4 times.
        Depth 9 was reached 1 times.
        Depth 10 was reached 2 times.
        Fallback choosing random token happened 0 times.
--------------------------------------------------
--------------------------------------------------

 
                  Evaluation. 
                 Player A| Q = 0.1464528351188921 * activeTokens + 0.5066435850535669 * successfulTokens + 0.34690357982754116 * tokenDistanceToBorder (EV: 42.86666666666667)
                 Player B| Q = 0.20699870002307896 * activeTokens + 0.4869152118492241 * successfulTokens + 0.3060860881276969 * tokenDistanceToBorder (EV: 5.0)
                 Player C| Q = 0.16472406200346199 * activeTokens + 0.43522441315702426 * successfulTokens + 0.4000515248395138 * tokenDistanceToBorder (EV: 3.0)

 
          Game over. 
         Player A/ Team 0: 4
         Player B/ Team 2: 0
         Player C/ Team 1: 5 <--WINNER ON SERVER within 10 turns

 
--------------------------------------------------
--------------------------------------------------
Depth report.
     Team 0:
        Depth 7 was reached 5 times.
        Depth 9 was reached 5 times.
        Depth 10 was reached 0 times.
        Fallback choosing random token happened 0 times.
     Team 2:
        Depth 7 was reached 3 times.
        Depth 9 was reached 1 times.
        Depth 10 was reached 5 times.
        Fallback choosing random token happened 0 times.
     Team 1:
        Depth 7 was reached 2 times.
        Depth 9 was reached 5 times.
        Depth 10 was reached 3 times.
        Fallback choosing random token happened 0 times.
--------------------------------------------------
--------------------------------------------------

 
                  Evaluation. 
                 Player A| Q = 0.1464528351188921 * activeTokens + 0.5066435850535669 * successfulTokens + 0.34690357982754116 * tokenDistanceToBorder (EV: 8.0)
                 Player B| Q = 0.20699870002307896 * activeTokens + 0.4869152118492241 * successfulTokens + 0.3060860881276969 * tokenDistanceToBorder (EV: 0.0)
                 Player C| Q = 0.16472406200346199 * activeTokens + 0.43522441315702426 * successfulTokens + 0.4000515248395138 * tokenDistanceToBorder (EV: 41.33333333333333)

 
          Game over. 
         Player A/ Team 1: 1
         Player B/ Team 2: 2
         Player C/ Team 0: 6 <--WINNER ON SERVER within 7 turns

 
--------------------------------------------------
--------------------------------------------------
Depth report.
     Team 1:
        Depth 7 was reached 4 times.
        Depth 9 was reached 1 times.
        Depth 10 was reached 2 times.
        Fallback choosing random token happened 0 times.
     Team 2:
        Depth 7 was reached 2 times.
        Depth 9 was reached 1 times.
        Depth 10 was reached 4 times.
        Fallback choosing random token happened 0 times.
     Team 0:
        Depth 7 was reached 4 times.
        Depth 9 was reached 2 times.
        Depth 10 was reached 2 times.
        Fallback choosing random token happened 0 times.
--------------------------------------------------
--------------------------------------------------

 
                  Evaluation. 
                 Player A| Q = 0.1464528351188921 * activeTokens + 0.5066435850535669 * successfulTokens + 0.34690357982754116 * tokenDistanceToBorder (EV: 3.0)
                 Player B| Q = 0.20699870002307896 * activeTokens + 0.4869152118492241 * successfulTokens + 0.3060860881276969 * tokenDistanceToBorder (EV: 5.0)
                 Player C| Q = 0.16472406200346199 * activeTokens + 0.43522441315702426 * successfulTokens + 0.4000515248395138 * tokenDistanceToBorder (EV: 43.13333333333333)

 
          Game over. 
         Player A/ Team 2: 0
         Player B/ Team 1: 1
         Player C/ Team 0: 6 <--WINNER ON SERVER within 9 turns

 
--------------------------------------------------
--------------------------------------------------
Depth report.
     Team 2:
        Depth 7 was reached 5 times.
        Depth 9 was reached 2 times.
        Depth 10 was reached 2 times.
        Fallback choosing random token happened 0 times.
     Team 1:
        Depth 7 was reached 3 times.
        Depth 9 was reached 5 times.
        Depth 10 was reached 1 times.
        Fallback choosing random token happened 0 times.
     Team 0:
        Depth 7 was reached 7 times.
        Depth 9 was reached 3 times.
        Depth 10 was reached 0 times.
        Fallback choosing random token happened 0 times.
--------------------------------------------------
--------------------------------------------------

 
                  Evaluation. 
                 Player A| Q = 0.1464528351188921 * activeTokens + 0.5066435850535669 * successfulTokens + 0.34690357982754116 * tokenDistanceToBorder (EV: 3.0)
                 Player B| Q = 0.20699870002307896 * activeTokens + 0.4869152118492241 * successfulTokens + 0.3060860881276969 * tokenDistanceToBorder (EV: 5.0)
                 Player C| Q = 0.16472406200346199 * activeTokens + 0.43522441315702426 * successfulTokens + 0.4000515248395138 * tokenDistanceToBorder (EV: 44.6)

 
          Game over. 
         Player A/ Team 2: 0
         Player B/ Team 1: 1
         Player C/ Team 0: 6 <--WINNER ON SERVER within 9 turns

 
--------------------------------------------------
--------------------------------------------------
Depth report.
     Team 2:
        Depth 7 was reached 4 times.
        Depth 9 was reached 3 times.
        Depth 10 was reached 2 times.
        Fallback choosing random token happened 0 times.
     Team 1:
        Depth 7 was reached 3 times.
        Depth 9 was reached 5 times.
        Depth 10 was reached 1 times.
        Fallback choosing random token happened 0 times.
     Team 0:
        Depth 7 was reached 7 times.
        Depth 9 was reached 3 times.
        Depth 10 was reached 0 times.
        Fallback choosing random token happened 0 times.
--------------------------------------------------
--------------------------------------------------

 
                  Evaluation. 
                 Player A| Q = 0.1464528351188921 * activeTokens + 0.5066435850535669 * successfulTokens + 0.34690357982754116 * tokenDistanceToBorder (EV: 3.0)
                 Player B| Q = 0.20699870002307896 * activeTokens + 0.4869152118492241 * successfulTokens + 0.3060860881276969 * tokenDistanceToBorder (EV: 5.0)
                 Player C| Q = 0.16472406200346199 * activeTokens + 0.43522441315702426 * successfulTokens + 0.4000515248395138 * tokenDistanceToBorder (EV: 44.6)

 
          Game over. 
         Player A/ Team 0: 4
         Player B/ Team 2: 0
         Player C/ Team 1: 5 <--WINNER ON SERVER within 10 turns

 
--------------------------------------------------
--------------------------------------------------
Depth report.
     Team 0:
        Depth 7 was reached 5 times.
        Depth 9 was reached 5 times.
        Depth 10 was reached 0 times.
        Fallback choosing random token happened 0 times.
     Team 2:
        Depth 7 was reached 3 times.
        Depth 9 was reached 1 times.
        Depth 10 was reached 5 times.
        Fallback choosing random token happened 0 times.
     Team 1:
        Depth 7 was reached 2 times.
        Depth 9 was reached 6 times.
        Depth 10 was reached 2 times.
        Fallback choosing random token happened 0 times.
--------------------------------------------------
--------------------------------------------------

 
                  Evaluation. 
                 Player A| Q = 0.1464528351188921 * activeTokens + 0.5066435850535669 * successfulTokens + 0.34690357982754116 * tokenDistanceToBorder (EV: 8.0)
                 Player B| Q = 0.20699870002307896 * activeTokens + 0.4869152118492241 * successfulTokens + 0.3060860881276969 * tokenDistanceToBorder (EV: 0.0)
                 Player C| Q = 0.16472406200346199 * activeTokens + 0.43522441315702426 * successfulTokens + 0.4000515248395138 * tokenDistanceToBorder (EV: 41.33333333333333)

 
          Game over. 
         Player A/ Team 1: 1
         Player B/ Team 2: 2
         Player C/ Team 0: 6 <--WINNER ON SERVER within 7 turns

 
--------------------------------------------------
--------------------------------------------------
Depth report.
     Team 1:
        Depth 7 was reached 4 times.
        Depth 9 was reached 1 times.
        Depth 10 was reached 2 times.
        Fallback choosing random token happened 0 times.
     Team 2:
        Depth 7 was reached 2 times.
        Depth 9 was reached 1 times.
        Depth 10 was reached 4 times.
        Fallback choosing random token happened 0 times.
     Team 0:
        Depth 7 was reached 3 times.
        Depth 9 was reached 3 times.
        Depth 10 was reached 2 times.
        Fallback choosing random token happened 0 times.
--------------------------------------------------
--------------------------------------------------

 
                  Evaluation. 
                 Player A| Q = 0.1464528351188921 * activeTokens + 0.5066435850535669 * successfulTokens + 0.34690357982754116 * tokenDistanceToBorder (EV: 3.0)
                 Player B| Q = 0.20699870002307896 * activeTokens + 0.4869152118492241 * successfulTokens + 0.3060860881276969 * tokenDistanceToBorder (EV: 5.0)
                 Player C| Q = 0.16472406200346199 * activeTokens + 0.43522441315702426 * successfulTokens + 0.4000515248395138 * tokenDistanceToBorder (EV: 43.13333333333333)

 
          Game over. 
         Player A/ Team 1: 1
         Player B/ Team 2: 2
         Player C/ Team 0: 6 <--WINNER ON SERVER within 7 turns

 
--------------------------------------------------
--------------------------------------------------
Depth report.
     Team 1:
        Depth 7 was reached 4 times.
        Depth 9 was reached 1 times.
        Depth 10 was reached 2 times.
        Fallback choosing random token happened 0 times.
     Team 2:
        Depth 7 was reached 2 times.
        Depth 9 was reached 1 times.
        Depth 10 was reached 4 times.
        Fallback choosing random token happened 0 times.
     Team 0:
        Depth 7 was reached 3 times.
        Depth 9 was reached 3 times.
        Depth 10 was reached 2 times.
        Fallback choosing random token happened 0 times.
--------------------------------------------------
--------------------------------------------------

 
                  Evaluation. 
                 Player A| Q = 0.1464528351188921 * activeTokens + 0.5066435850535669 * successfulTokens + 0.34690357982754116 * tokenDistanceToBorder (EV: 3.0)
                 Player B| Q = 0.20699870002307896 * activeTokens + 0.4869152118492241 * successfulTokens + 0.3060860881276969 * tokenDistanceToBorder (EV: 5.0)
                 Player C| Q = 0.16472406200346199 * activeTokens + 0.43522441315702426 * successfulTokens + 0.4000515248395138 * tokenDistanceToBorder (EV: 43.13333333333333)

 
          Game over. 
         Player A/ Team 1: 0
         Player B/ Team 2: 1
         Player C/ Team 0: 5 <--WINNER ON SERVER within 6 turns

 
--------------------------------------------------
--------------------------------------------------
Depth report.
     Team 1:
        Depth 7 was reached 2 times.
        Depth 9 was reached 2 times.
        Depth 10 was reached 2 times.
        Fallback choosing random token happened 0 times.
     Team 2:
        Depth 7 was reached 2 times.
        Depth 9 was reached 0 times.
        Depth 10 was reached 4 times.
        Fallback choosing random token happened 0 times.
     Team 0:
        Depth 7 was reached 2 times.
        Depth 9 was reached 4 times.
        Depth 10 was reached 1 times.
        Fallback choosing random token happened 0 times.
--------------------------------------------------
--------------------------------------------------

 
                  Evaluation. 
                 Player A| Q = 0.1464528351188921 * activeTokens + 0.5066435850535669 * successfulTokens + 0.34690357982754116 * tokenDistanceToBorder (EV: 3.0)
                 Player B| Q = 0.20699870002307896 * activeTokens + 0.4869152118492241 * successfulTokens + 0.3060860881276969 * tokenDistanceToBorder (EV: 5.0)
                 Player C| Q = 0.16472406200346199 * activeTokens + 0.43522441315702426 * successfulTokens + 0.4000515248395138 * tokenDistanceToBorder (EV: 45.4)

 
          Game over. 
         Player A/ Team 1: 5 <--WINNER ON SERVER within 10 turns
         Player B/ Team 2: 0
         Player C/ Team 0: 4

 
--------------------------------------------------
--------------------------------------------------
Depth report.
     Team 1:
        Depth 7 was reached 2 times.
        Depth 9 was reached 5 times.
        Depth 10 was reached 3 times.
        Fallback choosing random token happened 0 times.
     Team 2:
        Depth 7 was reached 3 times.
        Depth 9 was reached 1 times.
        Depth 10 was reached 5 times.
        Fallback choosing random token happened 0 times.
     Team 0:
        Depth 7 was reached 5 times.
        Depth 9 was reached 5 times.
        Depth 10 was reached 0 times.
        Fallback choosing random token happened 0 times.
--------------------------------------------------
--------------------------------------------------

 
                  Evaluation. 
                 Player A| Q = 0.1464528351188921 * activeTokens + 0.5066435850535669 * successfulTokens + 0.34690357982754116 * tokenDistanceToBorder (EV: 41.33333333333333)
                 Player B| Q = 0.20699870002307896 * activeTokens + 0.4869152118492241 * successfulTokens + 0.3060860881276969 * tokenDistanceToBorder (EV: 0.0)
                 Player C| Q = 0.16472406200346199 * activeTokens + 0.43522441315702426 * successfulTokens + 0.4000515248395138 * tokenDistanceToBorder (EV: 8.0)

 
          Game over. 
         Player A/ Team 2: 2
         Player B/ Team 0: 6 <--WINNER ON SERVER within 10 turns
         Player C/ Team 1: 4

 
--------------------------------------------------
--------------------------------------------------
Depth report.
     Team 2:
        Depth 7 was reached 4 times.
        Depth 9 was reached 1 times.
        Depth 10 was reached 5 times.
        Fallback choosing random token happened 0 times.
     Team 0:
        Depth 7 was reached 4 times.
        Depth 9 was reached 4 times.
        Depth 10 was reached 3 times.
        Fallback choosing random token happened 0 times.
     Team 1:
        Depth 7 was reached 2 times.
        Depth 9 was reached 5 times.
        Depth 10 was reached 3 times.
        Fallback choosing random token happened 0 times.
--------------------------------------------------
--------------------------------------------------

 
                  Evaluation. 
                 Player A| Q = 0.1464528351188921 * activeTokens + 0.5066435850535669 * successfulTokens + 0.34690357982754116 * tokenDistanceToBorder (EV: 2.0)
                 Player B| Q = 0.20699870002307896 * activeTokens + 0.4869152118492241 * successfulTokens + 0.3060860881276969 * tokenDistanceToBorder (EV: 39.333333333333336)
                 Player C| Q = 0.16472406200346199 * activeTokens + 0.43522441315702426 * successfulTokens + 0.4000515248395138 * tokenDistanceToBorder (EV: 6.0)

 
          Game over. 
         Player A/ Team 1: 0
         Player B/ Team 0: 5 <--WINNER ON SERVER within 7 turns
         Player C/ Team 2: 0

 
--------------------------------------------------
--------------------------------------------------
Depth report.
     Team 1:
        Depth 7 was reached 3 times.
        Depth 9 was reached 1 times.
        Depth 10 was reached 3 times.
        Fallback choosing random token happened 0 times.
     Team 0:
        Depth 7 was reached 3 times.
        Depth 9 was reached 2 times.
        Depth 10 was reached 3 times.
        Fallback choosing random token happened 0 times.
     Team 2:
        Depth 7 was reached 2 times.
        Depth 9 was reached 1 times.
        Depth 10 was reached 4 times.
        Fallback choosing random token happened 0 times.
--------------------------------------------------
--------------------------------------------------

 
                  Evaluation. 
                 Player A| Q = 0.1464528351188921 * activeTokens + 0.5066435850535669 * successfulTokens + 0.34690357982754116 * tokenDistanceToBorder (EV: 4.0)
                 Player B| Q = 0.20699870002307896 * activeTokens + 0.4869152118492241 * successfulTokens + 0.3060860881276969 * tokenDistanceToBorder (EV: 46.13333333333333)
                 Player C| Q = 0.16472406200346199 * activeTokens + 0.43522441315702426 * successfulTokens + 0.4000515248395138 * tokenDistanceToBorder (EV: 4.0)

 
          Game over. 
         Player A/ Team 2: 2
         Player B/ Team 0: 6 <--WINNER ON SERVER within 10 turns
         Player C/ Team 1: 4

 
--------------------------------------------------
--------------------------------------------------
Depth report.
     Team 2:
        Depth 7 was reached 4 times.
        Depth 9 was reached 1 times.
        Depth 10 was reached 5 times.
        Fallback choosing random token happened 0 times.
     Team 0:
        Depth 7 was reached 5 times.
        Depth 9 was reached 3 times.
        Depth 10 was reached 3 times.
        Fallback choosing random token happened 0 times.
     Team 1:
        Depth 7 was reached 2 times.
        Depth 9 was reached 5 times.
        Depth 10 was reached 3 times.
        Fallback choosing random token happened 0 times.
--------------------------------------------------
--------------------------------------------------

 
                  Evaluation. 
                 Player A| Q = 0.1464528351188921 * activeTokens + 0.5066435850535669 * successfulTokens + 0.34690357982754116 * tokenDistanceToBorder (EV: 2.0)
                 Player B| Q = 0.20699870002307896 * activeTokens + 0.4869152118492241 * successfulTokens + 0.3060860881276969 * tokenDistanceToBorder (EV: 39.333333333333336)
                 Player C| Q = 0.16472406200346199 * activeTokens + 0.43522441315702426 * successfulTokens + 0.4000515248395138 * tokenDistanceToBorder (EV: 6.0)

 
          Game over. 
         Player A/ Team 0: 6 <--WINNER ON SERVER within 8 turns
         Player B/ Team 2: 2
         Player C/ Team 1: 1

 
--------------------------------------------------
--------------------------------------------------
Depth report.
     Team 0:
        Depth 7 was reached 4 times.
        Depth 9 was reached 2 times.
        Depth 10 was reached 2 times.
        Fallback choosing random token happened 0 times.
     Team 2:
        Depth 7 was reached 2 times.
        Depth 9 was reached 1 times.
        Depth 10 was reached 4 times.
        Fallback choosing random token happened 0 times.
     Team 1:
        Depth 7 was reached 4 times.
        Depth 9 was reached 1 times.
        Depth 10 was reached 2 times.
        Fallback choosing random token happened 0 times.
--------------------------------------------------
--------------------------------------------------

 
                  Evaluation. 
                 Player A| Q = 0.1464528351188921 * activeTokens + 0.5066435850535669 * successfulTokens + 0.34690357982754116 * tokenDistanceToBorder (EV: 42.86666666666667)
                 Player B| Q = 0.20699870002307896 * activeTokens + 0.4869152118492241 * successfulTokens + 0.3060860881276969 * tokenDistanceToBorder (EV: 5.0)
                 Player C| Q = 0.16472406200346199 * activeTokens + 0.43522441315702426 * successfulTokens + 0.4000515248395138 * tokenDistanceToBorder (EV: 3.0)

 
          Game over. 
         Player A/ Team 2: 0
         Player B/ Team 1: 1
         Player C/ Team 0: 6 <--WINNER ON SERVER within 9 turns

 
--------------------------------------------------
--------------------------------------------------
Depth report.
     Team 2:
        Depth 7 was reached 5 times.
        Depth 9 was reached 2 times.
        Depth 10 was reached 2 times.
        Fallback choosing random token happened 0 times.
     Team 1:
        Depth 7 was reached 3 times.
        Depth 9 was reached 5 times.
        Depth 10 was reached 1 times.
        Fallback choosing random token happened 0 times.
     Team 0:
        Depth 7 was reached 6 times.
        Depth 9 was reached 4 times.
        Depth 10 was reached 0 times.
        Fallback choosing random token happened 0 times.
--------------------------------------------------
--------------------------------------------------

 
                  Evaluation. 
                 Player A| Q = 0.1464528351188921 * activeTokens + 0.5066435850535669 * successfulTokens + 0.34690357982754116 * tokenDistanceToBorder (EV: 3.0)
                 Player B| Q = 0.20699870002307896 * activeTokens + 0.4869152118492241 * successfulTokens + 0.3060860881276969 * tokenDistanceToBorder (EV: 5.0)
                 Player C| Q = 0.16472406200346199 * activeTokens + 0.43522441315702426 * successfulTokens + 0.4000515248395138 * tokenDistanceToBorder (EV: 44.6)

 
Calculating medium parameter evaluation from 20 games played. 
[2.0, 2.0, 3.0, 41.33333333333333, 3.0, 42.86666666666667, 8.0, 3.0, 3.0, 3.0, 8.0, 3.0, 3.0, 3.0, 41.33333333333333, 2.0, 4.0, 2.0, 42.86666666666667, 3.0] ----> Writing medium:Q = 0.1464528351188921 * activeTokens + 0.5066435850535669 * successfulTokens + 0.34690357982754116 * tokenDistanceToBorder (EV: 11.169999999999998)
[39.333333333333336, 39.333333333333336, 5.0, 0.0, 5.0, 5.0, 0.0, 5.0, 5.0, 5.0, 0.0, 5.0, 5.0, 5.0, 0.0, 39.333333333333336, 46.13333333333333, 39.333333333333336, 5.0, 5.0] ----> Writing medium:Q = 0.20699870002307896 * activeTokens + 0.4869152118492241 * successfulTokens + 0.3060860881276969 * tokenDistanceToBorder (EV: 12.923333333333336)
[6.0, 6.0, 44.6, 8.0, 43.13333333333333, 3.0, 41.33333333333333, 43.13333333333333, 44.6, 44.6, 41.33333333333333, 43.13333333333333, 43.13333333333333, 45.4, 8.0, 6.0, 4.0, 6.0, 3.0, 44.6] ----> Writing medium:Q = 0.16472406200346199 * activeTokens + 0.43522441315702426 * successfulTokens + 0.4000515248395138 * tokenDistanceToBorder (EV: 26.449999999999996)

 
          Game over. 
         Player A/ Team 1: 1
         Player B/ Team 2: 2
         Player C/ Team 0: 6 <--WINNER ON SERVER within 7 turns

 
--------------------------------------------------
--------------------------------------------------
Depth report.
     Team 1:
        Depth 7 was reached 2 times.
        Depth 9 was reached 3 times.
        Depth 10 was reached 2 times.
        Fallback choosing random token happened 0 times.
     Team 2:
        Depth 7 was reached 2 times.
        Depth 9 was reached 1 times.
        Depth 10 was reached 4 times.
        Fallback choosing random token happened 0 times.
     Team 0:
        Depth 7 was reached 4 times.
        Depth 9 was reached 2 times.
        Depth 10 was reached 2 times.
        Fallback choosing random token happened 0 times.
--------------------------------------------------
--------------------------------------------------

 
                  Evaluation. 
                 Player A| Q = 0.2 * activeTokens + 0.6 * successfulTokens + 0.2 * tokenDistanceToBorder (EV: 3.0)
                 Player B| Q = 0.21861196485259787 * activeTokens + 0.41358686061148475 * successfulTokens + 0.3678011745359173 * tokenDistanceToBorder (EV: 5.0)
                 Player C| Q = 0.14000664023793186 * activeTokens + 0.512711568691821 * successfulTokens + 0.3472817910702471 * tokenDistanceToBorder (EV: 43.13333333333333)

 
          Game over. 
         Player A/ Team 2: 1
         Player B/ Team 1: 5 <--WINNER ON SERVER within 8 turns
         Player C/ Team 0: 3

 
--------------------------------------------------
--------------------------------------------------
Depth report.
     Team 2:
        Depth 7 was reached 3 times.
        Depth 9 was reached 2 times.
        Depth 10 was reached 3 times.
        Fallback choosing random token happened 0 times.
     Team 1:
        Depth 7 was reached 4 times.
        Depth 9 was reached 2 times.
        Depth 10 was reached 3 times.
        Fallback choosing random token happened 0 times.
     Team 0:
        Depth 7 was reached 5 times.
        Depth 9 was reached 2 times.
        Depth 10 was reached 2 times.
        Fallback choosing random token happened 0 times.
--------------------------------------------------
--------------------------------------------------

 
                  Evaluation. 
                 Player A| Q = 0.2 * activeTokens + 0.6 * successfulTokens + 0.2 * tokenDistanceToBorder (EV: 2.0)
                 Player B| Q = 0.21861196485259787 * activeTokens + 0.41358686061148475 * successfulTokens + 0.3678011745359173 * tokenDistanceToBorder (EV: 41.86666666666667)
                 Player C| Q = 0.14000664023793186 * activeTokens + 0.512711568691821 * successfulTokens + 0.3472817910702471 * tokenDistanceToBorder (EV: 6.0)

 
          Game over. 
         Player A/ Team 2: 0
         Player B/ Team 0: 3
         Player C/ Team 1: 5 <--WINNER ON SERVER within 8 turns

 
--------------------------------------------------
--------------------------------------------------
Depth report.
     Team 2:
        Depth 7 was reached 1 times.
        Depth 9 was reached 2 times.
        Depth 10 was reached 5 times.
        Fallback choosing random token happened 0 times.
     Team 0:
        Depth 7 was reached 4 times.
        Depth 9 was reached 4 times.
        Depth 10 was reached 1 times.
        Fallback choosing random token happened 0 times.
     Team 1:
        Depth 7 was reached 3 times.
        Depth 9 was reached 5 times.
        Depth 10 was reached 1 times.
        Fallback choosing random token happened 0 times.
--------------------------------------------------
--------------------------------------------------

 
                  Evaluation. 
                 Player A| Q = 0.2 * activeTokens + 0.6 * successfulTokens + 0.2 * tokenDistanceToBorder (EV: 1.0)
                 Player B| Q = 0.21861196485259787 * activeTokens + 0.41358686061148475 * successfulTokens + 0.3678011745359173 * tokenDistanceToBorder (EV: 7.0)
                 Player C| Q = 0.14000664023793186 * activeTokens + 0.512711568691821 * successfulTokens + 0.3472817910702471 * tokenDistanceToBorder (EV: 42.86666666666667)

 
          Game over. 
         Player A/ Team 2: 0
         Player B/ Team 0: 3
         Player C/ Team 1: 5 <--WINNER ON SERVER within 8 turns

 
--------------------------------------------------
--------------------------------------------------
Depth report.
     Team 2:
        Depth 7 was reached 2 times.
        Depth 9 was reached 1 times.
        Depth 10 was reached 5 times.
        Fallback choosing random token happened 0 times.
     Team 0:
        Depth 7 was reached 4 times.
        Depth 9 was reached 4 times.
        Depth 10 was reached 1 times.
        Fallback choosing random token happened 0 times.
     Team 1:
        Depth 7 was reached 3 times.
        Depth 9 was reached 5 times.
        Depth 10 was reached 1 times.
        Fallback choosing random token happened 0 times.
--------------------------------------------------
--------------------------------------------------

 
                  Evaluation. 
                 Player A| Q = 0.2 * activeTokens + 0.6 * successfulTokens + 0.2 * tokenDistanceToBorder (EV: 1.0)
                 Player B| Q = 0.21861196485259787 * activeTokens + 0.41358686061148475 * successfulTokens + 0.3678011745359173 * tokenDistanceToBorder (EV: 7.0)
                 Player C| Q = 0.14000664023793186 * activeTokens + 0.512711568691821 * successfulTokens + 0.3472817910702471 * tokenDistanceToBorder (EV: 42.86666666666667)

 
          Game over. 
         Player A/ Team 0: 3
         Player B/ Team 1: 5 <--WINNER ON SERVER within 9 turns
         Player C/ Team 2: 1

 
--------------------------------------------------
--------------------------------------------------
Depth report.
     Team 0:
        Depth 7 was reached 6 times.
        Depth 9 was reached 2 times.
        Depth 10 was reached 1 times.
        Fallback choosing random token happened 0 times.
     Team 1:
        Depth 7 was reached 3 times.
        Depth 9 was reached 5 times.
        Depth 10 was reached 1 times.
        Fallback choosing random token happened 0 times.
     Team 2:
        Depth 7 was reached 7 times.
        Depth 9 was reached 1 times.
        Depth 10 was reached 0 times.
        Fallback choosing random token happened 0 times.
--------------------------------------------------
--------------------------------------------------

 
                  Evaluation. 
                 Player A| Q = 0.2 * activeTokens + 0.6 * successfulTokens + 0.2 * tokenDistanceToBorder (EV: 6.0)
                 Player B| Q = 0.21861196485259787 * activeTokens + 0.41358686061148475 * successfulTokens + 0.3678011745359173 * tokenDistanceToBorder (EV: 41.6)
                 Player C| Q = 0.14000664023793186 * activeTokens + 0.512711568691821 * successfulTokens + 0.3472817910702471 * tokenDistanceToBorder (EV: 2.0)

 
          Game over. 
         Player A/ Team 0: 6 <--WINNER ON SERVER within 8 turns
         Player B/ Team 2: 2
         Player C/ Team 1: 1

 
--------------------------------------------------
--------------------------------------------------
Depth report.
     Team 0:
        Depth 7 was reached 4 times.
        Depth 9 was reached 2 times.
        Depth 10 was reached 2 times.
        Fallback choosing random token happened 0 times.
     Team 2:
        Depth 7 was reached 2 times.
        Depth 9 was reached 1 times.
        Depth 10 was reached 4 times.
        Fallback choosing random token happened 0 times.
     Team 1:
        Depth 7 was reached 4 times.
        Depth 9 was reached 1 times.
        Depth 10 was reached 2 times.
        Fallback choosing random token happened 0 times.
--------------------------------------------------
--------------------------------------------------

 
                  Evaluation. 
                 Player A| Q = 0.2 * activeTokens + 0.6 * successfulTokens + 0.2 * tokenDistanceToBorder (EV: 42.86666666666667)
                 Player B| Q = 0.21861196485259787 * activeTokens + 0.41358686061148475 * successfulTokens + 0.3678011745359173 * tokenDistanceToBorder (EV: 5.0)
                 Player C| Q = 0.14000664023793186 * activeTokens + 0.512711568691821 * successfulTokens + 0.3472817910702471 * tokenDistanceToBorder (EV: 3.0)

 
          Game over. 
         Player A/ Team 1: 0
