
 
----------------------------------------------------------------------
 Starting Generation (Number: 10).
 
Creating mutations. 
High Mutations: [0.0415, -0.034, -0.0075][0.0477, -0.0263, -0.0214][0.0477, -0.0408, -0.0069]
Low_Mutations: [0.0, 0.0, 0.0][-0.0156, 0.09776, -0.08216][-0.01, 0.04714, -0.03714]
 
Recombination. 
Parent: Q = 0.3370048202778307 * activeTokens + 0.3329928317604508 * successfulTokens + 0.33000234796171846 * tokenDistanceToBorder (EV: 10.7)
Child: Q = 0.31378940384331316 * activeTokens + 0.34433947751396643 * successfulTokens + 0.3418711186427206 * tokenDistanceToBorder (EV: 0.0)
Child: Q = 0.35442880476497207 * activeTokens + 0.3110445466383903 * successfulTokens + 0.33452664859663755 * tokenDistanceToBorder (EV: 0.0)
Parent: Q = 0.27748303294666654 * activeTokens + 0.292462574291016 * successfulTokens + 0.4300543927623175 * tokenDistanceToBorder (EV: 13.253333333333334)
Child: Q = 0.2985129061474606 * activeTokens + 0.4400721964079756 * successfulTokens + 0.26141489744456387 * tokenDistanceToBorder (EV: 0.0)
Child: Q = 0.3605002333364007 * activeTokens + 0.31858486921903545 * successfulTokens + 0.32091489744456386 * tokenDistanceToBorder (EV: 0.0)
Parent: Q = 0.32206537491824394 * activeTokens + 0.3731004753906238 * successfulTokens + 0.3048341496911324 * tokenDistanceToBorder (EV: 28.126666666666665)
Child: Q = 0.3039967771152025 * activeTokens + 0.3905019199102797 * successfulTokens + 0.3055013029745177 * tokenDistanceToBorder (EV: 0.0)
Child: Q = 0.3605002333364007 * activeTokens + 0.3043855604632751 * successfulTokens + 0.33511420620032417 * tokenDistanceToBorder (EV: 0.0)

 
          Game over. 
         Player A/ Team 1: 6 <--WINNER ON SERVER within 10 turns
         Player B/ Team 0: 4
         Player C/ Team 2: 0

 
--------------------------------------------------
--------------------------------------------------
Depth report.
     Team 1:
        Depth 7 was reached 7 times.
        Depth 9 was reached 2 times.
        Depth 10 was reached 1 times.
        Fallback choosing random token happened 0 times.
     Team 0:
        Depth 7 was reached 7 times.
        Depth 9 was reached 3 times.
        Depth 10 was reached 0 times.
        Fallback choosing random token happened 0 times.
     Team 2:
        Depth 7 was reached 7 times.
        Depth 9 was reached 2 times.
        Depth 10 was reached 0 times.
        Fallback choosing random token happened 0 times.
--------------------------------------------------
--------------------------------------------------

 
                  Evaluation. 
                 Player A| Q = 0.3370048202778307 * activeTokens + 0.3329928317604508 * successfulTokens + 0.33000234796171846 * tokenDistanceToBorder (EV: 41.33333333333333)
                 Player B| Q = 0.31378940384331316 * activeTokens + 0.34433947751396643 * successfulTokens + 0.3418711186427206 * tokenDistanceToBorder (EV: 8.0)
                 Player C| Q = 0.35442880476497207 * activeTokens + 0.3110445466383903 * successfulTokens + 0.33452664859663755 * tokenDistanceToBorder (EV: 0.0)

 
          Game over. 
         Player A/ Team 0: 5 <--WINNER ON SERVER within 12 turns
         Player B/ Team 2: 1
         Player C/ Team 1: 2

 
--------------------------------------------------
--------------------------------------------------
Depth report.
     Team 0:
        Depth 7 was reached 4 times.
        Depth 9 was reached 5 times.
        Depth 10 was reached 3 times.
        Fallback choosing random token happened 0 times.
     Team 2:
        Depth 7 was reached 3 times.
        Depth 9 was reached 1 times.
        Depth 10 was reached 7 times.
        Fallback choosing random token happened 0 times.
     Team 1:
        Depth 7 was reached 3 times.
        Depth 9 was reached 1 times.
        Depth 10 was reached 7 times.
        Fallback choosing random token happened 0 times.
--------------------------------------------------
--------------------------------------------------

 
                  Evaluation. 
                 Player A| Q = 0.3370048202778307 * activeTokens + 0.3329928317604508 * successfulTokens + 0.33000234796171846 * tokenDistanceToBorder (EV: 41.8)
                 Player B| Q = 0.31378940384331316 * activeTokens + 0.34433947751396643 * successfulTokens + 0.3418711186427206 * tokenDistanceToBorder (EV: 3.0)
                 Player C| Q = 0.35442880476497207 * activeTokens + 0.3110445466383903 * successfulTokens + 0.33452664859663755 * tokenDistanceToBorder (EV: 5.0)

 
          Game over. 
         Player A/ Team 2: 0
         Player B/ Team 0: 5 <--WINNER ON SERVER within 11 turns
         Player C/ Team 1: 4

 
--------------------------------------------------
--------------------------------------------------
Depth report.
     Team 2:
        Depth 7 was reached 4 times.
        Depth 9 was reached 4 times.
        Depth 10 was reached 3 times.
        Fallback choosing random token happened 0 times.
     Team 0:
        Depth 7 was reached 9 times.
        Depth 9 was reached 3 times.
        Depth 10 was reached 0 times.
        Fallback choosing random token happened 0 times.
     Team 1:
        Depth 7 was reached 6 times.
        Depth 9 was reached 4 times.
        Depth 10 was reached 1 times.
        Fallback choosing random token happened 0 times.
--------------------------------------------------
--------------------------------------------------

 
                  Evaluation. 
                 Player A| Q = 0.3370048202778307 * activeTokens + 0.3329928317604508 * successfulTokens + 0.33000234796171846 * tokenDistanceToBorder (EV: 0.0)
                 Player B| Q = 0.31378940384331316 * activeTokens + 0.34433947751396643 * successfulTokens + 0.3418711186427206 * tokenDistanceToBorder (EV: 41.06666666666666)
                 Player C| Q = 0.35442880476497207 * activeTokens + 0.3110445466383903 * successfulTokens + 0.33452664859663755 * tokenDistanceToBorder (EV: 8.0)

 
          Game over. 
         Player A/ Team 1: 0
         Player B/ Team 0: 5 <--WINNER ON SERVER within 8 turns
         Player C/ Team 2: 0

 
--------------------------------------------------
--------------------------------------------------
Depth report.
     Team 1:
        Depth 7 was reached 2 times.
        Depth 9 was reached 4 times.
        Depth 10 was reached 2 times.
        Fallback choosing random token happened 0 times.
     Team 0:
        Depth 7 was reached 3 times.
        Depth 9 was reached 4 times.
        Depth 10 was reached 2 times.
        Fallback choosing random token happened 0 times.
     Team 2:
        Depth 7 was reached 2 times.
        Depth 9 was reached 3 times.
        Depth 10 was reached 3 times.
        Fallback choosing random token happened 0 times.
--------------------------------------------------
--------------------------------------------------

 
                  Evaluation. 
                 Player A| Q = 0.3370048202778307 * activeTokens + 0.3329928317604508 * successfulTokens + 0.33000234796171846 * tokenDistanceToBorder (EV: 4.0)
                 Player B| Q = 0.31378940384331316 * activeTokens + 0.34433947751396643 * successfulTokens + 0.3418711186427206 * tokenDistanceToBorder (EV: 45.86666666666667)
                 Player C| Q = 0.35442880476497207 * activeTokens + 0.3110445466383903 * successfulTokens + 0.33452664859663755 * tokenDistanceToBorder (EV: 4.0)

 
          Game over. 
         Player A/ Team 0: 5 <--WINNER ON SERVER within 12 turns
         Player B/ Team 2: 1
         Player C/ Team 1: 2

 
--------------------------------------------------
--------------------------------------------------
Depth report.
     Team 0:
        Depth 7 was reached 4 times.
        Depth 9 was reached 5 times.
        Depth 10 was reached 3 times.
        Fallback choosing random token happened 0 times.
     Team 2:
        Depth 7 was reached 3 times.
        Depth 9 was reached 1 times.
        Depth 10 was reached 7 times.
        Fallback choosing random token happened 0 times.
     Team 1:
        Depth 7 was reached 3 times.
        Depth 9 was reached 1 times.
        Depth 10 was reached 7 times.
        Fallback choosing random token happened 0 times.
--------------------------------------------------
--------------------------------------------------

 
                  Evaluation. 
                 Player A| Q = 0.3370048202778307 * activeTokens + 0.3329928317604508 * successfulTokens + 0.33000234796171846 * tokenDistanceToBorder (EV: 41.8)
                 Player B| Q = 0.31378940384331316 * activeTokens + 0.34433947751396643 * successfulTokens + 0.3418711186427206 * tokenDistanceToBorder (EV: 3.0)
                 Player C| Q = 0.35442880476497207 * activeTokens + 0.3110445466383903 * successfulTokens + 0.33452664859663755 * tokenDistanceToBorder (EV: 5.0)

 
          Game over. 
         Player A/ Team 1: 2
         Player B/ Team 2: 0
         Player C/ Team 0: 6 <--WINNER ON SERVER within 9 turns

 
--------------------------------------------------
--------------------------------------------------
Depth report.
     Team 1:
        Depth 7 was reached 4 times.
        Depth 9 was reached 4 times.
        Depth 10 was reached 1 times.
        Fallback choosing random token happened 0 times.
     Team 2:
        Depth 7 was reached 8 times.
        Depth 9 was reached 0 times.
        Depth 10 was reached 1 times.
        Fallback choosing random token happened 0 times.
     Team 0:
        Depth 7 was reached 6 times.
        Depth 9 was reached 4 times.
        Depth 10 was reached 0 times.
        Fallback choosing random token happened 0 times.
--------------------------------------------------
--------------------------------------------------

 
                  Evaluation. 
                 Player A| Q = 0.3370048202778307 * activeTokens + 0.3329928317604508 * successfulTokens + 0.33000234796171846 * tokenDistanceToBorder (EV: 6.0)
                 Player B| Q = 0.31378940384331316 * activeTokens + 0.34433947751396643 * successfulTokens + 0.3418711186427206 * tokenDistanceToBorder (EV: 2.0)
                 Player C| Q = 0.35442880476497207 * activeTokens + 0.3110445466383903 * successfulTokens + 0.33452664859663755 * tokenDistanceToBorder (EV: 43.6)

 
          Game over. 
         Player A/ Team 1: 5 <--WINNER ON SERVER within 12 turns
         Player B/ Team 0: 3
         Player C/ Team 2: 1

 
--------------------------------------------------
--------------------------------------------------
Depth report.
     Team 1:
        Depth 7 was reached 6 times.
        Depth 9 was reached 4 times.
        Depth 10 was reached 2 times.
        Fallback choosing random token happened 0 times.
     Team 0:
        Depth 7 was reached 7 times.
        Depth 9 was reached 4 times.
        Depth 10 was reached 1 times.
        Fallback choosing random token happened 0 times.
     Team 2:
        Depth 7 was reached 4 times.
        Depth 9 was reached 4 times.
        Depth 10 was reached 3 times.
        Fallback choosing random token happened 0 times.
--------------------------------------------------
--------------------------------------------------

 
                  Evaluation. 
                 Player A| Q = 0.3370048202778307 * activeTokens + 0.3329928317604508 * successfulTokens + 0.33000234796171846 * tokenDistanceToBorder (EV: 40.8)
                 Player B| Q = 0.31378940384331316 * activeTokens + 0.34433947751396643 * successfulTokens + 0.3418711186427206 * tokenDistanceToBorder (EV: 6.0)
                 Player C| Q = 0.35442880476497207 * activeTokens + 0.3110445466383903 * successfulTokens + 0.33452664859663755 * tokenDistanceToBorder (EV: 2.0)

 
          Game over. 
         Player A/ Team 2: 0
         Player B/ Team 1: 4
         Player C/ Team 0: 5 <--WINNER ON SERVER within 9 turns

 
--------------------------------------------------
--------------------------------------------------
Depth report.
     Team 2:
        Depth 7 was reached 7 times.
        Depth 9 was reached 1 times.
        Depth 10 was reached 1 times.
        Fallback choosing random token happened 0 times.
     Team 1:
        Depth 7 was reached 4 times.
        Depth 9 was reached 3 times.
        Depth 10 was reached 2 times.
        Fallback choosing random token happened 0 times.
     Team 0:
        Depth 7 was reached 7 times.
        Depth 9 was reached 2 times.
        Depth 10 was reached 1 times.
        Fallback choosing random token happened 0 times.
--------------------------------------------------
--------------------------------------------------

 
                  Evaluation. 
                 Player A| Q = 0.3370048202778307 * activeTokens + 0.3329928317604508 * successfulTokens + 0.33000234796171846 * tokenDistanceToBorder (EV: 0.0)
                 Player B| Q = 0.31378940384331316 * activeTokens + 0.34433947751396643 * successfulTokens + 0.3418711186427206 * tokenDistanceToBorder (EV: 8.0)
                 Player C| Q = 0.35442880476497207 * activeTokens + 0.3110445466383903 * successfulTokens + 0.33452664859663755 * tokenDistanceToBorder (EV: 41.6)

 
          Game over. 
         Player A/ Team 0: 5 <--WINNER ON SERVER within 12 turns
         Player B/ Team 2: 1
         Player C/ Team 1: 2

 
--------------------------------------------------
--------------------------------------------------
Depth report.
     Team 0:
        Depth 7 was reached 4 times.
        Depth 9 was reached 5 times.
        Depth 10 was reached 3 times.
        Fallback choosing random token happened 0 times.
     Team 2:
        Depth 7 was reached 2 times.
        Depth 9 was reached 2 times.
        Depth 10 was reached 7 times.
        Fallback choosing random token happened 0 times.
     Team 1:
        Depth 7 was reached 2 times.
        Depth 9 was reached 2 times.
        Depth 10 was reached 7 times.
        Fallback choosing random token happened 0 times.
--------------------------------------------------
--------------------------------------------------

 
                  Evaluation. 
                 Player A| Q = 0.3370048202778307 * activeTokens + 0.3329928317604508 * successfulTokens + 0.33000234796171846 * tokenDistanceToBorder (EV: 41.8)
                 Player B| Q = 0.31378940384331316 * activeTokens + 0.34433947751396643 * successfulTokens + 0.3418711186427206 * tokenDistanceToBorder (EV: 3.0)
                 Player C| Q = 0.35442880476497207 * activeTokens + 0.3110445466383903 * successfulTokens + 0.33452664859663755 * tokenDistanceToBorder (EV: 5.0)

 
          Game over. 
         Player A/ Team 2: 1
         Player B/ Team 1: 3
         Player C/ Team 0: 5 <--WINNER ON SERVER within 9 turns

 
--------------------------------------------------
--------------------------------------------------
Depth report.
     Team 2:
        Depth 7 was reached 5 times.
        Depth 9 was reached 2 times.
        Depth 10 was reached 2 times.
        Fallback choosing random token happened 0 times.
     Team 1:
        Depth 7 was reached 2 times.
        Depth 9 was reached 3 times.
        Depth 10 was reached 4 times.
        Fallback choosing random token happened 0 times.
     Team 0:
        Depth 7 was reached 9 times.
        Depth 9 was reached 1 times.
        Depth 10 was reached 0 times.
        Fallback choosing random token happened 0 times.
--------------------------------------------------
--------------------------------------------------

 
                  Evaluation. 
                 Player A| Q = 0.3370048202778307 * activeTokens + 0.3329928317604508 * successfulTokens + 0.33000234796171846 * tokenDistanceToBorder (EV: 2.0)
                 Player B| Q = 0.31378940384331316 * activeTokens + 0.34433947751396643 * successfulTokens + 0.3418711186427206 * tokenDistanceToBorder (EV: 6.0)
                 Player C| Q = 0.35442880476497207 * activeTokens + 0.3110445466383903 * successfulTokens + 0.33452664859663755 * tokenDistanceToBorder (EV: 41.6)

 
          Game over. 
         Player A/ Team 1: 5 <--WINNER ON SERVER within 11 turns
         Player B/ Team 0: 3
         Player C/ Team 2: 1

 
--------------------------------------------------
--------------------------------------------------
Depth report.
     Team 1:
        Depth 7 was reached 4 times.
        Depth 9 was reached 4 times.
        Depth 10 was reached 3 times.
        Fallback choosing random token happened 0 times.
     Team 0:
        Depth 7 was reached 5 times.
        Depth 9 was reached 3 times.
        Depth 10 was reached 3 times.
        Fallback choosing random token happened 0 times.
     Team 2:
        Depth 7 was reached 4 times.
        Depth 9 was reached 2 times.
        Depth 10 was reached 4 times.
        Fallback choosing random token happened 0 times.
--------------------------------------------------
--------------------------------------------------

 
                  Evaluation. 
                 Player A| Q = 0.3370048202778307 * activeTokens + 0.3329928317604508 * successfulTokens + 0.33000234796171846 * tokenDistanceToBorder (EV: 41.06666666666666)
                 Player B| Q = 0.31378940384331316 * activeTokens + 0.34433947751396643 * successfulTokens + 0.3418711186427206 * tokenDistanceToBorder (EV: 6.0)
                 Player C| Q = 0.35442880476497207 * activeTokens + 0.3110445466383903 * successfulTokens + 0.33452664859663755 * tokenDistanceToBorder (EV: 2.0)

 
          Game over. 
         Player A/ Team 0: 5 <--WINNER ON SERVER within 9 turns
         Player B/ Team 1: 0
         Player C/ Team 2: 0

 
--------------------------------------------------
--------------------------------------------------
Depth report.
     Team 0:
        Depth 7 was reached 7 times.
        Depth 9 was reached 2 times.
        Depth 10 was reached 0 times.
        Fallback choosing random token happened 0 times.
     Team 1:
        Depth 7 was reached 5 times.
        Depth 9 was reached 3 times.
        Depth 10 was reached 0 times.
        Fallback choosing random token happened 0 times.
     Team 2:
        Depth 7 was reached 8 times.
        Depth 9 was reached 0 times.
        Depth 10 was reached 0 times.
        Fallback choosing random token happened 0 times.
--------------------------------------------------
--------------------------------------------------

 
                  Evaluation. 
                 Player A| Q = 0.3370048202778307 * activeTokens + 0.3329928317604508 * successfulTokens + 0.33000234796171846 * tokenDistanceToBorder (EV: 45.6)
                 Player B| Q = 0.31378940384331316 * activeTokens + 0.34433947751396643 * successfulTokens + 0.3418711186427206 * tokenDistanceToBorder (EV: 4.0)
                 Player C| Q = 0.35442880476497207 * activeTokens + 0.3110445466383903 * successfulTokens + 0.33452664859663755 * tokenDistanceToBorder (EV: 4.0)

 
          Game over. 
         Player A/ Team 1: 6 <--WINNER ON SERVER within 12 turns
         Player B/ Team 0: 3
         Player C/ Team 2: 1

 
--------------------------------------------------
--------------------------------------------------
Depth report.
     Team 1:
        Depth 7 was reached 4 times.
        Depth 9 was reached 6 times.
        Depth 10 was reached 2 times.
        Fallback choosing random token happened 0 times.
     Team 0:
        Depth 7 was reached 7 times.
        Depth 9 was reached 4 times.
        Depth 10 was reached 1 times.
        Fallback choosing random token happened 0 times.
     Team 2:
        Depth 7 was reached 2 times.
        Depth 9 was reached 6 times.
        Depth 10 was reached 3 times.
        Fallback choosing random token happened 0 times.
--------------------------------------------------
--------------------------------------------------

 
                  Evaluation. 
                 Player A| Q = 0.3370048202778307 * activeTokens + 0.3329928317604508 * successfulTokens + 0.33000234796171846 * tokenDistanceToBorder (EV: 40.8)
                 Player B| Q = 0.31378940384331316 * activeTokens + 0.34433947751396643 * successfulTokens + 0.3418711186427206 * tokenDistanceToBorder (EV: 6.0)
                 Player C| Q = 0.35442880476497207 * activeTokens + 0.3110445466383903 * successfulTokens + 0.33452664859663755 * tokenDistanceToBorder (EV: 2.0)

 
          Game over. 
         Player A/ Team 0: 5 <--WINNER ON SERVER within 12 turns
         Player B/ Team 2: 1
         Player C/ Team 1: 2

 
--------------------------------------------------
--------------------------------------------------
Depth report.
     Team 0:
        Depth 7 was reached 4 times.
        Depth 9 was reached 5 times.
        Depth 10 was reached 3 times.
        Fallback choosing random token happened 0 times.
     Team 2:
        Depth 7 was reached 2 times.
        Depth 9 was reached 2 times.
        Depth 10 was reached 7 times.
        Fallback choosing random token happened 0 times.
     Team 1:
        Depth 7 was reached 3 times.
        Depth 9 was reached 1 times.
        Depth 10 was reached 7 times.
        Fallback choosing random token happened 0 times.
--------------------------------------------------
--------------------------------------------------

 
                  Evaluation. 
                 Player A| Q = 0.3370048202778307 * activeTokens + 0.3329928317604508 * successfulTokens + 0.33000234796171846 * tokenDistanceToBorder (EV: 41.8)
                 Player B| Q = 0.31378940384331316 * activeTokens + 0.34433947751396643 * successfulTokens + 0.3418711186427206 * tokenDistanceToBorder (EV: 3.0)
                 Player C| Q = 0.35442880476497207 * activeTokens + 0.3110445466383903 * successfulTokens + 0.33452664859663755 * tokenDistanceToBorder (EV: 5.0)

 
          Game over. 
         Player A/ Team 2: 1
         Player B/ Team 0: 3
         Player C/ Team 1: 6 <--WINNER ON SERVER within 11 turns

 
--------------------------------------------------
--------------------------------------------------
Depth report.
     Team 2:
        Depth 7 was reached 3 times.
        Depth 9 was reached 6 times.
        Depth 10 was reached 2 times.
        Fallback choosing random token happened 0 times.
     Team 0:
        Depth 7 was reached 7 times.
        Depth 9 was reached 4 times.
        Depth 10 was reached 1 times.
        Fallback choosing random token happened 0 times.
     Team 1:
        Depth 7 was reached 4 times.
        Depth 9 was reached 6 times.
        Depth 10 was reached 2 times.
        Fallback choosing random token happened 0 times.
--------------------------------------------------
--------------------------------------------------

 
                  Evaluation. 
                 Player A| Q = 0.3370048202778307 * activeTokens + 0.3329928317604508 * successfulTokens + 0.33000234796171846 * tokenDistanceToBorder (EV: 2.0)
                 Player B| Q = 0.31378940384331316 * activeTokens + 0.34433947751396643 * successfulTokens + 0.3418711186427206 * tokenDistanceToBorder (EV: 6.0)
                 Player C| Q = 0.35442880476497207 * activeTokens + 0.3110445466383903 * successfulTokens + 0.33452664859663755 * tokenDistanceToBorder (EV: 41.06666666666666)

 
          Game over. 
         Player A/ Team 0: 5 <--WINNER ON SERVER within 12 turns
         Player B/ Team 2: 1
         Player C/ Team 1: 2

 
--------------------------------------------------
--------------------------------------------------
Depth report.
     Team 0:
        Depth 7 was reached 4 times.
        Depth 9 was reached 5 times.
        Depth 10 was reached 3 times.
        Fallback choosing random token happened 0 times.
     Team 2:
        Depth 7 was reached 3 times.
        Depth 9 was reached 1 times.
        Depth 10 was reached 7 times.
        Fallback choosing random token happened 0 times.
     Team 1:
        Depth 7 was reached 3 times.
        Depth 9 was reached 1 times.
        Depth 10 was reached 7 times.
        Fallback choosing random token happened 0 times.
--------------------------------------------------
--------------------------------------------------

 
                  Evaluation. 
                 Player A| Q = 0.3370048202778307 * activeTokens + 0.3329928317604508 * successfulTokens + 0.33000234796171846 * tokenDistanceToBorder (EV: 41.8)
                 Player B| Q = 0.31378940384331316 * activeTokens + 0.34433947751396643 * successfulTokens + 0.3418711186427206 * tokenDistanceToBorder (EV: 3.0)
                 Player C| Q = 0.35442880476497207 * activeTokens + 0.3110445466383903 * successfulTokens + 0.33452664859663755 * tokenDistanceToBorder (EV: 5.0)

 
          Game over. 
         Player A/ Team 1: 4
         Player B/ Team 0: 6 <--WINNER ON SERVER within 13 turns
         Player C/ Team 2: 2

 
--------------------------------------------------
--------------------------------------------------
Depth report.
     Team 1:
        Depth 7 was reached 3 times.
        Depth 9 was reached 8 times.
        Depth 10 was reached 2 times.
        Fallback choosing random token happened 0 times.
     Team 0:
        Depth 7 was reached 10 times.
        Depth 9 was reached 4 times.
        Depth 10 was reached 0 times.
        Fallback choosing random token happened 0 times.
     Team 2:
        Depth 7 was reached 4 times.
        Depth 9 was reached 6 times.
        Depth 10 was reached 3 times.
        Fallback choosing random token happened 0 times.
--------------------------------------------------
--------------------------------------------------

 
                  Evaluation. 
                 Player A| Q = 0.3370048202778307 * activeTokens + 0.3329928317604508 * successfulTokens + 0.33000234796171846 * tokenDistanceToBorder (EV: 6.0)
                 Player B| Q = 0.31378940384331316 * activeTokens + 0.34433947751396643 * successfulTokens + 0.3418711186427206 * tokenDistanceToBorder (EV: 38.53333333333333)
                 Player C| Q = 0.35442880476497207 * activeTokens + 0.3110445466383903 * successfulTokens + 0.33452664859663755 * tokenDistanceToBorder (EV: 2.0)

 
          Game over. 
         Player A/ Team 2: 0
         Player B/ Team 1: 5 <--WINNER ON SERVER within 8 turns
         Player C/ Team 0: 2

 
--------------------------------------------------
--------------------------------------------------
Depth report.
     Team 2:
        Depth 7 was reached 8 times.
        Depth 9 was reached 0 times.
        Depth 10 was reached 0 times.
        Fallback choosing random token happened 0 times.
     Team 1:
        Depth 7 was reached 7 times.
        Depth 9 was reached 2 times.
        Depth 10 was reached 0 times.
        Fallback choosing random token happened 0 times.
     Team 0:
        Depth 7 was reached 7 times.
        Depth 9 was reached 1 times.
        Depth 10 was reached 0 times.
        Fallback choosing random token happened 1 times.
--------------------------------------------------
--------------------------------------------------

 
                  Evaluation. 
                 Player A| Q = 0.3370048202778307 * activeTokens + 0.3329928317604508 * successfulTokens + 0.33000234796171846 * tokenDistanceToBorder (EV: 2.0)
                 Player B| Q = 0.31378940384331316 * activeTokens + 0.34433947751396643 * successfulTokens + 0.3418711186427206 * tokenDistanceToBorder (EV: 43.86666666666667)
                 Player C| Q = 0.35442880476497207 * activeTokens + 0.3110445466383903 * successfulTokens + 0.33452664859663755 * tokenDistanceToBorder (EV: 6.0)

 
          Game over. 
         Player A/ Team 0: 5 <--WINNER ON SERVER within 12 turns
         Player B/ Team 2: 1
         Player C/ Team 1: 2

 
--------------------------------------------------
--------------------------------------------------
Depth report.
     Team 0:
        Depth 7 was reached 4 times.
        Depth 9 was reached 5 times.
        Depth 10 was reached 3 times.
        Fallback choosing random token happened 0 times.
     Team 2:
        Depth 7 was reached 3 times.
        Depth 9 was reached 1 times.
        Depth 10 was reached 7 times.
        Fallback choosing random token happened 0 times.
     Team 1:
        Depth 7 was reached 3 times.
        Depth 9 was reached 1 times.
        Depth 10 was reached 7 times.
        Fallback choosing random token happened 0 times.
--------------------------------------------------
--------------------------------------------------

 
                  Evaluation. 
                 Player A| Q = 0.3370048202778307 * activeTokens + 0.3329928317604508 * successfulTokens + 0.33000234796171846 * tokenDistanceToBorder (EV: 41.8)
                 Player B| Q = 0.31378940384331316 * activeTokens + 0.34433947751396643 * successfulTokens + 0.3418711186427206 * tokenDistanceToBorder (EV: 3.0)
                 Player C| Q = 0.35442880476497207 * activeTokens + 0.3110445466383903 * successfulTokens + 0.33452664859663755 * tokenDistanceToBorder (EV: 5.0)

 
          Game over. 
         Player A/ Team 0: 5 <--WINNER ON SERVER within 12 turns
         Player B/ Team 2: 1
         Player C/ Team 1: 2

 
--------------------------------------------------
--------------------------------------------------
Depth report.
     Team 0:
        Depth 7 was reached 4 times.
        Depth 9 was reached 5 times.
        Depth 10 was reached 3 times.
        Fallback choosing random token happened 0 times.
     Team 2:
        Depth 7 was reached 2 times.
        Depth 9 was reached 2 times.
        Depth 10 was reached 7 times.
        Fallback choosing random token happened 0 times.
     Team 1:
        Depth 7 was reached 3 times.
        Depth 9 was reached 1 times.
        Depth 10 was reached 7 times.
        Fallback choosing random token happened 0 times.
--------------------------------------------------
--------------------------------------------------

 
                  Evaluation. 
                 Player A| Q = 0.3370048202778307 * activeTokens + 0.3329928317604508 * successfulTokens + 0.33000234796171846 * tokenDistanceToBorder (EV: 41.8)
                 Player B| Q = 0.31378940384331316 * activeTokens + 0.34433947751396643 * successfulTokens + 0.3418711186427206 * tokenDistanceToBorder (EV: 3.0)
                 Player C| Q = 0.35442880476497207 * activeTokens + 0.3110445466383903 * successfulTokens + 0.33452664859663755 * tokenDistanceToBorder (EV: 5.0)

 
Calculating medium parameter evaluation from 20 games played. 
[41.33333333333333, 41.8, 0.0, 4.0, 41.8, 6.0, 40.8, 0.0, 41.8, 2.0, 41.06666666666666, 45.6, 40.8, 41.8, 2.0, 41.8, 6.0, 2.0, 41.8, 41.8] ----> Writing medium:Q = 0.3370048202778307 * activeTokens + 0.3329928317604508 * successfulTokens + 0.33000234796171846 * tokenDistanceToBorder (EV: 26.21)
[8.0, 3.0, 41.06666666666666, 45.86666666666667, 3.0, 2.0, 6.0, 8.0, 3.0, 6.0, 6.0, 4.0, 6.0, 3.0, 6.0, 3.0, 38.53333333333333, 43.86666666666667, 3.0, 3.0] ----> Writing medium:Q = 0.31378940384331316 * activeTokens + 0.34433947751396643 * successfulTokens + 0.3418711186427206 * tokenDistanceToBorder (EV: 12.116666666666667)
[0.0, 5.0, 8.0, 4.0, 5.0, 43.6, 2.0, 41.6, 5.0, 41.6, 2.0, 4.0, 2.0, 5.0, 41.06666666666666, 5.0, 2.0, 6.0, 5.0, 5.0] ----> Writing medium:Q = 0.35442880476497207 * activeTokens + 0.3110445466383903 * successfulTokens + 0.33452664859663755 * tokenDistanceToBorder (EV: 11.643333333333333)

 
          Game over. 
         Player A/ Team 2: 0
         Player B/ Team 0: 6 <--WINNER ON SERVER within 10 turns
         Player C/ Team 1: 1

 
--------------------------------------------------
--------------------------------------------------
Depth report.
     Team 2:
        Depth 7 was reached 8 times.
        Depth 9 was reached 1 times.
        Depth 10 was reached 1 times.
        Fallback choosing random token happened 0 times.
     Team 0:
        Depth 7 was reached 9 times.
        Depth 9 was reached 1 times.
        Depth 10 was reached 1 times.
        Fallback choosing random token happened 0 times.
     Team 1:
        Depth 7 was reached 6 times.
        Depth 9 was reached 3 times.
        Depth 10 was reached 1 times.
        Fallback choosing random token happened 0 times.
--------------------------------------------------
--------------------------------------------------

 
                  Evaluation. 
                 Player A| Q = 0.27748303294666654 * activeTokens + 0.292462574291016 * successfulTokens + 0.4300543927623175 * tokenDistanceToBorder (EV: 3.0)
                 Player B| Q = 0.2985129061474606 * activeTokens + 0.4400721964079756 * successfulTokens + 0.26141489744456387 * tokenDistanceToBorder (EV: 44.33333333333333)
                 Player C| Q = 0.3605002333364007 * activeTokens + 0.31858486921903545 * successfulTokens + 0.32091489744456386 * tokenDistanceToBorder (EV: 5.0)

 
          Game over. 
         Player A/ Team 1: 1
         Player B/ Team 0: 6 <--WINNER ON SERVER within 9 turns
         Player C/ Team 2: 0

 
--------------------------------------------------
--------------------------------------------------
Depth report.
     Team 1:
        Depth 7 was reached 4 times.
        Depth 9 was reached 2 times.
        Depth 10 was reached 3 times.
        Fallback choosing random token happened 0 times.
     Team 0:
        Depth 7 was reached 5 times.
        Depth 9 was reached 2 times.
        Depth 10 was reached 3 times.
        Fallback choosing random token happened 0 times.
     Team 2:
        Depth 7 was reached 6 times.
        Depth 9 was reached 0 times.
        Depth 10 was reached 3 times.
        Fallback choosing random token happened 0 times.
--------------------------------------------------
--------------------------------------------------

 
                  Evaluation. 
                 Player A| Q = 0.27748303294666654 * activeTokens + 0.292462574291016 * successfulTokens + 0.4300543927623175 * tokenDistanceToBorder (EV: 5.0)
                 Player B| Q = 0.2985129061474606 * activeTokens + 0.4400721964079756 * successfulTokens + 0.26141489744456387 * tokenDistanceToBorder (EV: 44.6)
                 Player C| Q = 0.3605002333364007 * activeTokens + 0.31858486921903545 * successfulTokens + 0.32091489744456386 * tokenDistanceToBorder (EV: 3.0)

 
          Game over. 
         Player A/ Team 2: 0
         Player B/ Team 0: 6 <--WINNER ON SERVER within 10 turns
         Player C/ Team 1: 1

 
--------------------------------------------------
--------------------------------------------------
Depth report.
     Team 2:
        Depth 7 was reached 7 times.
        Depth 9 was reached 2 times.
        Depth 10 was reached 1 times.
        Fallback choosing random token happened 0 times.
     Team 0:
        Depth 7 was reached 9 times.
        Depth 9 was reached 1 times.
        Depth 10 was reached 1 times.
        Fallback choosing random token happened 0 times.
     Team 1:
        Depth 7 was reached 6 times.
        Depth 9 was reached 3 times.
        Depth 10 was reached 1 times.
        Fallback choosing random token happened 0 times.
--------------------------------------------------
--------------------------------------------------

 
                  Evaluation. 
                 Player A| Q = 0.27748303294666654 * activeTokens + 0.292462574291016 * successfulTokens + 0.4300543927623175 * tokenDistanceToBorder (EV: 3.0)
                 Player B| Q = 0.2985129061474606 * activeTokens + 0.4400721964079756 * successfulTokens + 0.26141489744456387 * tokenDistanceToBorder (EV: 44.33333333333333)
                 Player C| Q = 0.3605002333364007 * activeTokens + 0.31858486921903545 * successfulTokens + 0.32091489744456386 * tokenDistanceToBorder (EV: 5.0)

 
          Game over. 
         Player A/ Team 0: 2
         Player B/ Team 2: 1
         Player C/ Team 1: 5 <--WINNER ON SERVER within 10 turns

 
--------------------------------------------------
--------------------------------------------------
Depth report.
     Team 0:
        Depth 7 was reached 6 times.
        Depth 9 was reached 1 times.
        Depth 10 was reached 3 times.
        Fallback choosing random token happened 0 times.
     Team 2:
        Depth 7 was reached 1 times.
        Depth 9 was reached 4 times.
        Depth 10 was reached 4 times.
        Fallback choosing random token happened 0 times.
     Team 1:
        Depth 7 was reached 2 times.
        Depth 9 was reached 3 times.
        Depth 10 was reached 5 times.
        Fallback choosing random token happened 0 times.
--------------------------------------------------
--------------------------------------------------

 
                  Evaluation. 
                 Player A| Q = 0.27748303294666654 * activeTokens + 0.292462574291016 * successfulTokens + 0.4300543927623175 * tokenDistanceToBorder (EV: 5.0)
                 Player B| Q = 0.2985129061474606 * activeTokens + 0.4400721964079756 * successfulTokens + 0.26141489744456387 * tokenDistanceToBorder (EV: 3.0)
                 Player C| Q = 0.3605002333364007 * activeTokens + 0.31858486921903545 * successfulTokens + 0.32091489744456386 * tokenDistanceToBorder (EV: 42.33333333333333)

 
          Game over. 
         Player A/ Team 1: 0
         Player B/ Team 0: 5 <--WINNER ON SERVER within 9 turns
         Player C/ Team 2: 0

 
--------------------------------------------------
--------------------------------------------------
Depth report.
     Team 1:
        Depth 7 was reached 3 times.
        Depth 9 was reached 3 times.
        Depth 10 was reached 3 times.
        Fallback choosing random token happened 0 times.
     Team 0:
        Depth 7 was reached 6 times.
        Depth 9 was reached 3 times.
        Depth 10 was reached 1 times.
        Fallback choosing random token happened 0 times.
     Team 2:
        Depth 7 was reached 4 times.
        Depth 9 was reached 1 times.
        Depth 10 was reached 4 times.
        Fallback choosing random token happened 0 times.
--------------------------------------------------
--------------------------------------------------

 
                  Evaluation. 
                 Player A| Q = 0.27748303294666654 * activeTokens + 0.292462574291016 * successfulTokens + 0.4300543927623175 * tokenDistanceToBorder (EV: 4.0)
                 Player B| Q = 0.2985129061474606 * activeTokens + 0.4400721964079756 * successfulTokens + 0.26141489744456387 * tokenDistanceToBorder (EV: 45.6)
                 Player C| Q = 0.3605002333364007 * activeTokens + 0.31858486921903545 * successfulTokens + 0.32091489744456386 * tokenDistanceToBorder (EV: 4.0)

 
          Game over. 
         Player A/ Team 0: 3
         Player B/ Team 2: 1
         Player C/ Team 1: 5 <--WINNER ON SERVER within 11 turns

 
--------------------------------------------------
--------------------------------------------------
Depth report.
     Team 0:
        Depth 7 was reached 7 times.
        Depth 9 was reached 2 times.
        Depth 10 was reached 2 times.
        Fallback choosing random token happened 0 times.
     Team 2:
        Depth 7 was reached 6 times.
        Depth 9 was reached 2 times.
        Depth 10 was reached 2 times.
        Fallback choosing random token happened 0 times.
     Team 1:
        Depth 7 was reached 4 times.
        Depth 9 was reached 4 times.
        Depth 10 was reached 3 times.
        Fallback choosing random token happened 0 times.
--------------------------------------------------
--------------------------------------------------

 
                  Evaluation. 
                 Player A| Q = 0.27748303294666654 * activeTokens + 0.292462574291016 * successfulTokens + 0.4300543927623175 * tokenDistanceToBorder (EV: 6.0)
                 Player B| Q = 0.2985129061474606 * activeTokens + 0.4400721964079756 * successfulTokens + 0.26141489744456387 * tokenDistanceToBorder (EV: 2.0)
