
 
----------------------------------------------------------------------
 Starting Generation (Number: 6).
 
Creating mutations. 
High Mutations: [-0.0015, -0.0412, 0.0427][0.0847, -0.0687, -0.016][-0.0746, -0.0096, 0.0842]
Low_Mutations: [0.0, 0.0, 0.0][-0.01132, 0.03212, -0.0208][0.09956, -0.06504, -0.03452]
 
Recombination. 
Parent: Q = 0.25727039857352463 * activeTokens + 0.39689646881582047 * successfulTokens + 0.345833132610655 * tokenDistanceToBorder (EV: 11.666666666666666)
Child: Q = 0.27262408955731987 * activeTokens + 0.4490182144658447 * successfulTokens + 0.2783576959768355 * tokenDistanceToBorder (EV: 0.0)
Child: Q = 0.27118328976641554 * activeTokens + 0.40944424687567216 * successfulTokens + 0.31937246335791236 * tokenDistanceToBorder (EV: 0.0)
Parent: Q = 0.22620582523055674 * activeTokens + 0.45798508472595645 * successfulTokens + 0.3158090900434869 * tokenDistanceToBorder (EV: 18.746666666666666)
Child: Q = 0.2617508538019618 * activeTokens + 0.4798705406550762 * successfulTokens + 0.258378605542962 * tokenDistanceToBorder (EV: 0.0)
Child: Q = 0.3539812510837182 * activeTokens + 0.383029584042426 * successfulTokens + 0.2629891648738559 * tokenDistanceToBorder (EV: 0.0)
Parent: Q = 0.32356166836265954 * activeTokens + 0.4703768603286629 * successfulTokens + 0.20606147130867772 * tokenDistanceToBorder (EV: 20.599999999999998)
Child: Q = 0.36825477434561044 * activeTokens + 0.3865451355322325 * successfulTokens + 0.24520009012215693 * tokenDistanceToBorder (EV: 0.0)
Child: Q = 0.2009683132896774 * activeTokens + 0.4397970958040569 * successfulTokens + 0.3592345909062657 * tokenDistanceToBorder (EV: 0.0)

 
          Game over. 
         Player A/ Team 1: 4
         Player B/ Team 0: 6 <--WINNER ON SERVER within 10 turns
         Player C/ Team 2: 0

 
--------------------------------------------------
--------------------------------------------------
Depth report.
     Team 1:
        Depth 7 was reached 3 times.
        Depth 9 was reached 4 times.
        Depth 10 was reached 3 times.
        Fallback choosing random token happened 0 times.
     Team 0:
        Depth 7 was reached 6 times.
        Depth 9 was reached 2 times.
        Depth 10 was reached 3 times.
        Fallback choosing random token happened 0 times.
     Team 2:
        Depth 7 was reached 2 times.
        Depth 9 was reached 2 times.
        Depth 10 was reached 6 times.
        Fallback choosing random token happened 0 times.
--------------------------------------------------
--------------------------------------------------

 
                  Evaluation. 
                 Player A| Q = 0.25727039857352463 * activeTokens + 0.39689646881582047 * successfulTokens + 0.345833132610655 * tokenDistanceToBorder (EV: 8.0)
                 Player B| Q = 0.27262408955731987 * activeTokens + 0.4490182144658447 * successfulTokens + 0.2783576959768355 * tokenDistanceToBorder (EV: 41.33333333333333)
                 Player C| Q = 0.27118328976641554 * activeTokens + 0.40944424687567216 * successfulTokens + 0.31937246335791236 * tokenDistanceToBorder (EV: 0.0)

 
          Game over. 
         Player A/ Team 1: 5 <--WINNER ON SERVER within 11 turns
         Player B/ Team 2: 0
         Player C/ Team 0: 2

 
--------------------------------------------------
--------------------------------------------------
Depth report.
     Team 1:
        Depth 7 was reached 7 times.
        Depth 9 was reached 4 times.
        Depth 10 was reached 0 times.
        Fallback choosing random token happened 0 times.
     Team 2:
        Depth 7 was reached 3 times.
        Depth 9 was reached 4 times.
        Depth 10 was reached 3 times.
        Fallback choosing random token happened 0 times.
     Team 0:
        Depth 7 was reached 7 times.
        Depth 9 was reached 4 times.
        Depth 10 was reached 0 times.
        Fallback choosing random token happened 0 times.
--------------------------------------------------
--------------------------------------------------

 
                  Evaluation. 
                 Player A| Q = 0.25727039857352463 * activeTokens + 0.39689646881582047 * successfulTokens + 0.345833132610655 * tokenDistanceToBorder (EV: 43.06666666666666)
                 Player B| Q = 0.27262408955731987 * activeTokens + 0.4490182144658447 * successfulTokens + 0.2783576959768355 * tokenDistanceToBorder (EV: 2.0)
                 Player C| Q = 0.27118328976641554 * activeTokens + 0.40944424687567216 * successfulTokens + 0.31937246335791236 * tokenDistanceToBorder (EV: 6.0)

 
!!!!!!!!!!!!!!!!!!!!!!!!!!!ERROR DETECTED!!!!!!!!!!!!!!!!!!!!!!!!!. 


You got kicked because your move was invalid!



 
INFO: Team 2 lost prematurely (probably because it had no more tokens to play). 


 
          Game over. 
         Player A/ Team 0: 5 <--WINNER ON SERVER within 12 turns
         Player B/ Team 1: 1
         Player C/ Team 2: 1

 
--------------------------------------------------
--------------------------------------------------
Depth report.
     Team 0:
        Depth 7 was reached 6 times.
        Depth 9 was reached 4 times.
        Depth 10 was reached 2 times.
        Fallback choosing random token happened 0 times.
     Team 1:
        Depth 7 was reached 2 times.
        Depth 9 was reached 5 times.
        Depth 10 was reached 4 times.
        Fallback choosing random token happened 0 times.
     Team 2:
        Depth 7 was reached 1 times.
        Depth 9 was reached 2 times.
        Depth 10 was reached 6 times.
        Fallback choosing random token happened 0 times.
--------------------------------------------------
--------------------------------------------------

 
                  Evaluation. 
                 Player A| Q = 0.25727039857352463 * activeTokens + 0.39689646881582047 * successfulTokens + 0.345833132610655 * tokenDistanceToBorder (EV: 42.8)
                 Player B| Q = 0.27262408955731987 * activeTokens + 0.4490182144658447 * successfulTokens + 0.2783576959768355 * tokenDistanceToBorder (EV: 4.0)
                 Player C| Q = 0.27118328976641554 * activeTokens + 0.40944424687567216 * successfulTokens + 0.31937246335791236 * tokenDistanceToBorder (EV: 3.0)

 
          Game over. 
         Player A/ Team 2: 0
         Player B/ Team 1: 0
         Player C/ Team 0: 5 <--WINNER ON SERVER within 6 turns

 
--------------------------------------------------
--------------------------------------------------
Depth report.
     Team 2:
        Depth 7 was reached 3 times.
        Depth 9 was reached 2 times.
        Depth 10 was reached 1 times.
        Fallback choosing random token happened 0 times.
     Team 1:
        Depth 7 was reached 1 times.
        Depth 9 was reached 3 times.
        Depth 10 was reached 2 times.
        Fallback choosing random token happened 0 times.
     Team 0:
        Depth 7 was reached 6 times.
        Depth 9 was reached 1 times.
        Depth 10 was reached 0 times.
        Fallback choosing random token happened 0 times.
--------------------------------------------------
--------------------------------------------------

 
                  Evaluation. 
                 Player A| Q = 0.25727039857352463 * activeTokens + 0.39689646881582047 * successfulTokens + 0.345833132610655 * tokenDistanceToBorder (EV: 4.0)
                 Player B| Q = 0.27262408955731987 * activeTokens + 0.4490182144658447 * successfulTokens + 0.2783576959768355 * tokenDistanceToBorder (EV: 4.0)
                 Player C| Q = 0.27118328976641554 * activeTokens + 0.40944424687567216 * successfulTokens + 0.31937246335791236 * tokenDistanceToBorder (EV: 46.4)

 
!!!!!!!!!!!!!!!!!!!!!!!!!!!ERROR DETECTED!!!!!!!!!!!!!!!!!!!!!!!!!. 


You got kicked because your move was invalid!



 
INFO: Team 2 lost prematurely (probably because it had no more tokens to play). 


 
          Game over. 
         Player A/ Team 0: 5 <--WINNER ON SERVER within 12 turns
         Player B/ Team 2: 1
         Player C/ Team 1: 1

 
--------------------------------------------------
--------------------------------------------------
Depth report.
     Team 0:
        Depth 7 was reached 6 times.
        Depth 9 was reached 4 times.
        Depth 10 was reached 2 times.
        Fallback choosing random token happened 0 times.
     Team 2:
        Depth 7 was reached 1 times.
        Depth 9 was reached 2 times.
        Depth 10 was reached 6 times.
        Fallback choosing random token happened 0 times.
     Team 1:
        Depth 7 was reached 2 times.
        Depth 9 was reached 4 times.
        Depth 10 was reached 5 times.
        Fallback choosing random token happened 0 times.
--------------------------------------------------
--------------------------------------------------

 
                  Evaluation. 
                 Player A| Q = 0.25727039857352463 * activeTokens + 0.39689646881582047 * successfulTokens + 0.345833132610655 * tokenDistanceToBorder (EV: 42.8)
                 Player B| Q = 0.27262408955731987 * activeTokens + 0.4490182144658447 * successfulTokens + 0.2783576959768355 * tokenDistanceToBorder (EV: 3.0)
                 Player C| Q = 0.27118328976641554 * activeTokens + 0.40944424687567216 * successfulTokens + 0.31937246335791236 * tokenDistanceToBorder (EV: 4.0)

 
          Game over. 
         Player A/ Team 2: 0
         Player B/ Team 0: 6 <--WINNER ON SERVER within 10 turns
         Player C/ Team 1: 4

 
--------------------------------------------------
--------------------------------------------------
Depth report.
     Team 2:
        Depth 7 was reached 2 times.
        Depth 9 was reached 1 times.
        Depth 10 was reached 7 times.
        Fallback choosing random token happened 0 times.
     Team 0:
        Depth 7 was reached 6 times.
        Depth 9 was reached 2 times.
        Depth 10 was reached 3 times.
        Fallback choosing random token happened 0 times.
     Team 1:
        Depth 7 was reached 3 times.
        Depth 9 was reached 4 times.
        Depth 10 was reached 3 times.
        Fallback choosing random token happened 0 times.
--------------------------------------------------
--------------------------------------------------

 
                  Evaluation. 
                 Player A| Q = 0.25727039857352463 * activeTokens + 0.39689646881582047 * successfulTokens + 0.345833132610655 * tokenDistanceToBorder (EV: 0.0)
                 Player B| Q = 0.27262408955731987 * activeTokens + 0.4490182144658447 * successfulTokens + 0.2783576959768355 * tokenDistanceToBorder (EV: 41.33333333333333)
                 Player C| Q = 0.27118328976641554 * activeTokens + 0.40944424687567216 * successfulTokens + 0.31937246335791236 * tokenDistanceToBorder (EV: 8.0)

 
          Game over. 
         Player A/ Team 2: 0
         Player B/ Team 1: 4
         Player C/ Team 0: 6 <--WINNER ON SERVER within 10 turns

 
--------------------------------------------------
--------------------------------------------------
Depth report.
     Team 2:
        Depth 7 was reached 2 times.
        Depth 9 was reached 1 times.
        Depth 10 was reached 7 times.
        Fallback choosing random token happened 0 times.
     Team 1:
        Depth 7 was reached 3 times.
        Depth 9 was reached 4 times.
        Depth 10 was reached 3 times.
        Fallback choosing random token happened 0 times.
     Team 0:
        Depth 7 was reached 6 times.
        Depth 9 was reached 2 times.
        Depth 10 was reached 3 times.
        Fallback choosing random token happened 0 times.
--------------------------------------------------
--------------------------------------------------

 
                  Evaluation. 
                 Player A| Q = 0.25727039857352463 * activeTokens + 0.39689646881582047 * successfulTokens + 0.345833132610655 * tokenDistanceToBorder (EV: 0.0)
                 Player B| Q = 0.27262408955731987 * activeTokens + 0.4490182144658447 * successfulTokens + 0.2783576959768355 * tokenDistanceToBorder (EV: 8.0)
                 Player C| Q = 0.27118328976641554 * activeTokens + 0.40944424687567216 * successfulTokens + 0.31937246335791236 * tokenDistanceToBorder (EV: 41.33333333333333)

 
          Game over. 
         Player A/ Team 1: 5 <--WINNER ON SERVER within 11 turns
         Player B/ Team 2: 0
         Player C/ Team 0: 2

 
--------------------------------------------------
--------------------------------------------------
Depth report.
     Team 1:
        Depth 7 was reached 7 times.
        Depth 9 was reached 4 times.
        Depth 10 was reached 0 times.
        Fallback choosing random token happened 0 times.
     Team 2:
        Depth 7 was reached 3 times.
        Depth 9 was reached 4 times.
        Depth 10 was reached 3 times.
        Fallback choosing random token happened 0 times.
     Team 0:
        Depth 7 was reached 7 times.
        Depth 9 was reached 4 times.
        Depth 10 was reached 0 times.
        Fallback choosing random token happened 0 times.
--------------------------------------------------
--------------------------------------------------

 
                  Evaluation. 
                 Player A| Q = 0.25727039857352463 * activeTokens + 0.39689646881582047 * successfulTokens + 0.345833132610655 * tokenDistanceToBorder (EV: 43.06666666666666)
                 Player B| Q = 0.27262408955731987 * activeTokens + 0.4490182144658447 * successfulTokens + 0.2783576959768355 * tokenDistanceToBorder (EV: 2.0)
                 Player C| Q = 0.27118328976641554 * activeTokens + 0.40944424687567216 * successfulTokens + 0.31937246335791236 * tokenDistanceToBorder (EV: 6.0)

 
          Game over. 
         Player A/ Team 0: 5 <--WINNER ON SERVER within 11 turns
         Player B/ Team 2: 1
         Player C/ Team 1: 0

 
--------------------------------------------------
--------------------------------------------------
Depth report.
     Team 0:
        Depth 7 was reached 7 times.
        Depth 9 was reached 2 times.
        Depth 10 was reached 2 times.
        Fallback choosing random token happened 0 times.
     Team 2:
        Depth 7 was reached 3 times.
        Depth 9 was reached 2 times.
        Depth 10 was reached 5 times.
        Fallback choosing random token happened 0 times.
     Team 1:
        Depth 7 was reached 4 times.
        Depth 9 was reached 4 times.
        Depth 10 was reached 2 times.
        Fallback choosing random token happened 0 times.
--------------------------------------------------
--------------------------------------------------

 
                  Evaluation. 
                 Player A| Q = 0.25727039857352463 * activeTokens + 0.39689646881582047 * successfulTokens + 0.345833132610655 * tokenDistanceToBorder (EV: 44.06666666666666)
                 Player B| Q = 0.27262408955731987 * activeTokens + 0.4490182144658447 * successfulTokens + 0.2783576959768355 * tokenDistanceToBorder (EV: 5.0)
                 Player C| Q = 0.27118328976641554 * activeTokens + 0.40944424687567216 * successfulTokens + 0.31937246335791236 * tokenDistanceToBorder (EV: 3.0)

 
          Game over. 
         Player A/ Team 1: 1
         Player B/ Team 2: 1
         Player C/ Team 0: 5 <--WINNER ON SERVER within 10 turns

 
--------------------------------------------------
--------------------------------------------------
Depth report.
     Team 1:
        Depth 7 was reached 1 times.
        Depth 9 was reached 6 times.
        Depth 10 was reached 3 times.
        Fallback choosing random token happened 0 times.
     Team 2:
        Depth 7 was reached 4 times.
        Depth 9 was reached 2 times.
        Depth 10 was reached 4 times.
        Fallback choosing random token happened 0 times.
     Team 0:
        Depth 7 was reached 5 times.
        Depth 9 was reached 4 times.
        Depth 10 was reached 2 times.
        Fallback choosing random token happened 0 times.
--------------------------------------------------
--------------------------------------------------

 
                  Evaluation. 
                 Player A| Q = 0.25727039857352463 * activeTokens + 0.39689646881582047 * successfulTokens + 0.345833132610655 * tokenDistanceToBorder (EV: 4.0)
                 Player B| Q = 0.27262408955731987 * activeTokens + 0.4490182144658447 * successfulTokens + 0.2783576959768355 * tokenDistanceToBorder (EV: 4.0)
                 Player C| Q = 0.27118328976641554 * activeTokens + 0.40944424687567216 * successfulTokens + 0.31937246335791236 * tokenDistanceToBorder (EV: 43.33333333333333)

 
!!!!!!!!!!!!!!!!!!!!!!!!!!!ERROR DETECTED!!!!!!!!!!!!!!!!!!!!!!!!!. 


You got kicked because your move was invalid!



 
INFO: Team 2 lost prematurely (probably because it had no more tokens to play). 


 
          Game over. 
         Player A/ Team 0: 5 <--WINNER ON SERVER within 12 turns
         Player B/ Team 2: 1
         Player C/ Team 1: 1

 
--------------------------------------------------
--------------------------------------------------
Depth report.
     Team 0:
        Depth 7 was reached 6 times.
        Depth 9 was reached 4 times.
        Depth 10 was reached 2 times.
        Fallback choosing random token happened 0 times.
     Team 2:
        Depth 7 was reached 2 times.
        Depth 9 was reached 1 times.
        Depth 10 was reached 6 times.
        Fallback choosing random token happened 0 times.
     Team 1:
        Depth 7 was reached 2 times.
        Depth 9 was reached 4 times.
        Depth 10 was reached 5 times.
        Fallback choosing random token happened 0 times.
--------------------------------------------------
--------------------------------------------------

 
                  Evaluation. 
                 Player A| Q = 0.25727039857352463 * activeTokens + 0.39689646881582047 * successfulTokens + 0.345833132610655 * tokenDistanceToBorder (EV: 42.8)
                 Player B| Q = 0.27262408955731987 * activeTokens + 0.4490182144658447 * successfulTokens + 0.2783576959768355 * tokenDistanceToBorder (EV: 3.0)
                 Player C| Q = 0.27118328976641554 * activeTokens + 0.40944424687567216 * successfulTokens + 0.31937246335791236 * tokenDistanceToBorder (EV: 4.0)

 
          Game over. 
         Player A/ Team 2: 0
         Player B/ Team 1: 4
         Player C/ Team 0: 6 <--WINNER ON SERVER within 10 turns

 
--------------------------------------------------
--------------------------------------------------
Depth report.
     Team 2:
        Depth 7 was reached 2 times.
        Depth 9 was reached 2 times.
        Depth 10 was reached 6 times.
        Fallback choosing random token happened 0 times.
     Team 1:
        Depth 7 was reached 3 times.
        Depth 9 was reached 4 times.
        Depth 10 was reached 3 times.
        Fallback choosing random token happened 0 times.
     Team 0:
        Depth 7 was reached 6 times.
        Depth 9 was reached 2 times.
        Depth 10 was reached 3 times.
        Fallback choosing random token happened 0 times.
--------------------------------------------------
--------------------------------------------------

 
                  Evaluation. 
                 Player A| Q = 0.25727039857352463 * activeTokens + 0.39689646881582047 * successfulTokens + 0.345833132610655 * tokenDistanceToBorder (EV: 0.0)
                 Player B| Q = 0.27262408955731987 * activeTokens + 0.4490182144658447 * successfulTokens + 0.2783576959768355 * tokenDistanceToBorder (EV: 8.0)
                 Player C| Q = 0.27118328976641554 * activeTokens + 0.40944424687567216 * successfulTokens + 0.31937246335791236 * tokenDistanceToBorder (EV: 41.33333333333333)

 
!!!!!!!!!!!!!!!!!!!!!!!!!!!ERROR DETECTED!!!!!!!!!!!!!!!!!!!!!!!!!. 


You got kicked because your move was invalid!



 
INFO: Team 2 lost prematurely (probably because it had no more tokens to play). 


 
          Game over. 
         Player A/ Team 0: 5 <--WINNER ON SERVER within 12 turns
         Player B/ Team 1: 1
         Player C/ Team 2: 1

 
--------------------------------------------------
--------------------------------------------------
Depth report.
     Team 0:
        Depth 7 was reached 6 times.
        Depth 9 was reached 4 times.
        Depth 10 was reached 2 times.
        Fallback choosing random token happened 0 times.
     Team 1:
        Depth 7 was reached 2 times.
        Depth 9 was reached 5 times.
        Depth 10 was reached 4 times.
        Fallback choosing random token happened 0 times.
     Team 2:
        Depth 7 was reached 1 times.
        Depth 9 was reached 2 times.
        Depth 10 was reached 6 times.
        Fallback choosing random token happened 0 times.
--------------------------------------------------
--------------------------------------------------

 
                  Evaluation. 
                 Player A| Q = 0.25727039857352463 * activeTokens + 0.39689646881582047 * successfulTokens + 0.345833132610655 * tokenDistanceToBorder (EV: 42.8)
                 Player B| Q = 0.27262408955731987 * activeTokens + 0.4490182144658447 * successfulTokens + 0.2783576959768355 * tokenDistanceToBorder (EV: 4.0)
                 Player C| Q = 0.27118328976641554 * activeTokens + 0.40944424687567216 * successfulTokens + 0.31937246335791236 * tokenDistanceToBorder (EV: 3.0)

 
          Game over. 
         Player A/ Team 2: 0
         Player B/ Team 0: 6 <--WINNER ON SERVER within 10 turns
         Player C/ Team 1: 4

 
--------------------------------------------------
--------------------------------------------------
Depth report.
     Team 2:
        Depth 7 was reached 2 times.
        Depth 9 was reached 2 times.
        Depth 10 was reached 6 times.
        Fallback choosing random token happened 0 times.
     Team 0:
        Depth 7 was reached 6 times.
        Depth 9 was reached 2 times.
        Depth 10 was reached 3 times.
        Fallback choosing random token happened 0 times.
     Team 1:
        Depth 7 was reached 3 times.
        Depth 9 was reached 4 times.
        Depth 10 was reached 3 times.
        Fallback choosing random token happened 0 times.
--------------------------------------------------
--------------------------------------------------

 
                  Evaluation. 
                 Player A| Q = 0.25727039857352463 * activeTokens + 0.39689646881582047 * successfulTokens + 0.345833132610655 * tokenDistanceToBorder (EV: 0.0)
                 Player B| Q = 0.27262408955731987 * activeTokens + 0.4490182144658447 * successfulTokens + 0.2783576959768355 * tokenDistanceToBorder (EV: 41.33333333333333)
                 Player C| Q = 0.27118328976641554 * activeTokens + 0.40944424687567216 * successfulTokens + 0.31937246335791236 * tokenDistanceToBorder (EV: 8.0)

 
          Game over. 
         Player A/ Team 1: 5 <--WINNER ON SERVER within 11 turns
         Player B/ Team 2: 0
         Player C/ Team 0: 2

 
--------------------------------------------------
--------------------------------------------------
Depth report.
     Team 1:
        Depth 7 was reached 7 times.
        Depth 9 was reached 4 times.
        Depth 10 was reached 0 times.
        Fallback choosing random token happened 0 times.
     Team 2:
        Depth 7 was reached 3 times.
        Depth 9 was reached 4 times.
        Depth 10 was reached 3 times.
        Fallback choosing random token happened 0 times.
     Team 0:
        Depth 7 was reached 7 times.
        Depth 9 was reached 4 times.
        Depth 10 was reached 0 times.
        Fallback choosing random token happened 0 times.
--------------------------------------------------
--------------------------------------------------

 
                  Evaluation. 
                 Player A| Q = 0.25727039857352463 * activeTokens + 0.39689646881582047 * successfulTokens + 0.345833132610655 * tokenDistanceToBorder (EV: 43.06666666666666)
                 Player B| Q = 0.27262408955731987 * activeTokens + 0.4490182144658447 * successfulTokens + 0.2783576959768355 * tokenDistanceToBorder (EV: 2.0)
                 Player C| Q = 0.27118328976641554 * activeTokens + 0.40944424687567216 * successfulTokens + 0.31937246335791236 * tokenDistanceToBorder (EV: 6.0)

 
          Game over. 
         Player A/ Team 0: 5 <--WINNER ON SERVER within 9 turns
         Player B/ Team 1: 1
         Player C/ Team 2: 1

 
--------------------------------------------------
--------------------------------------------------
Depth report.
     Team 0:
        Depth 7 was reached 7 times.
        Depth 9 was reached 1 times.
        Depth 10 was reached 1 times.
        Fallback choosing random token happened 0 times.
     Team 1:
        Depth 7 was reached 4 times.
        Depth 9 was reached 4 times.
        Depth 10 was reached 0 times.
        Fallback choosing random token happened 0 times.
     Team 2:
        Depth 7 was reached 3 times.
        Depth 9 was reached 3 times.
        Depth 10 was reached 2 times.
        Fallback choosing random token happened 0 times.
--------------------------------------------------
--------------------------------------------------

 
                  Evaluation. 
                 Player A| Q = 0.25727039857352463 * activeTokens + 0.39689646881582047 * successfulTokens + 0.345833132610655 * tokenDistanceToBorder (EV: 43.6)
                 Player B| Q = 0.27262408955731987 * activeTokens + 0.4490182144658447 * successfulTokens + 0.2783576959768355 * tokenDistanceToBorder (EV: 4.0)
                 Player C| Q = 0.27118328976641554 * activeTokens + 0.40944424687567216 * successfulTokens + 0.31937246335791236 * tokenDistanceToBorder (EV: 4.0)

 
          Game over. 
         Player A/ Team 1: 4
         Player B/ Team 0: 6 <--WINNER ON SERVER within 10 turns
         Player C/ Team 2: 0

 
--------------------------------------------------
--------------------------------------------------
Depth report.
     Team 1:
        Depth 7 was reached 3 times.
        Depth 9 was reached 4 times.
        Depth 10 was reached 3 times.
        Fallback choosing random token happened 0 times.
     Team 0:
        Depth 7 was reached 6 times.
        Depth 9 was reached 2 times.
        Depth 10 was reached 3 times.
        Fallback choosing random token happened 0 times.
     Team 2:
        Depth 7 was reached 2 times.
        Depth 9 was reached 2 times.
        Depth 10 was reached 6 times.
        Fallback choosing random token happened 0 times.
--------------------------------------------------
--------------------------------------------------

 
                  Evaluation. 
                 Player A| Q = 0.25727039857352463 * activeTokens + 0.39689646881582047 * successfulTokens + 0.345833132610655 * tokenDistanceToBorder (EV: 8.0)
                 Player B| Q = 0.27262408955731987 * activeTokens + 0.4490182144658447 * successfulTokens + 0.2783576959768355 * tokenDistanceToBorder (EV: 41.33333333333333)
                 Player C| Q = 0.27118328976641554 * activeTokens + 0.40944424687567216 * successfulTokens + 0.31937246335791236 * tokenDistanceToBorder (EV: 0.0)

 
          Game over. 
         Player A/ Team 0: 5 <--WINNER ON SERVER within 9 turns
         Player B/ Team 1: 1
         Player C/ Team 2: 1

 
--------------------------------------------------
--------------------------------------------------
Depth report.
     Team 0:
        Depth 7 was reached 7 times.
        Depth 9 was reached 1 times.
        Depth 10 was reached 1 times.
        Fallback choosing random token happened 0 times.
     Team 1:
        Depth 7 was reached 4 times.
        Depth 9 was reached 4 times.
        Depth 10 was reached 0 times.
        Fallback choosing random token happened 0 times.
     Team 2:
        Depth 7 was reached 3 times.
        Depth 9 was reached 3 times.
        Depth 10 was reached 2 times.
        Fallback choosing random token happened 0 times.
--------------------------------------------------
--------------------------------------------------

 
                  Evaluation. 
                 Player A| Q = 0.25727039857352463 * activeTokens + 0.39689646881582047 * successfulTokens + 0.345833132610655 * tokenDistanceToBorder (EV: 43.6)
                 Player B| Q = 0.27262408955731987 * activeTokens + 0.4490182144658447 * successfulTokens + 0.2783576959768355 * tokenDistanceToBorder (EV: 4.0)
                 Player C| Q = 0.27118328976641554 * activeTokens + 0.40944424687567216 * successfulTokens + 0.31937246335791236 * tokenDistanceToBorder (EV: 4.0)

 
          Game over. 
         Player A/ Team 2: 0
         Player B/ Team 0: 6 <--WINNER ON SERVER within 10 turns
         Player C/ Team 1: 4

 
--------------------------------------------------
--------------------------------------------------
Depth report.
     Team 2:
        Depth 7 was reached 2 times.
        Depth 9 was reached 2 times.
        Depth 10 was reached 6 times.
        Fallback choosing random token happened 0 times.
     Team 0:
        Depth 7 was reached 6 times.
        Depth 9 was reached 2 times.
        Depth 10 was reached 3 times.
        Fallback choosing random token happened 0 times.
     Team 1:
        Depth 7 was reached 3 times.
        Depth 9 was reached 4 times.
        Depth 10 was reached 3 times.
        Fallback choosing random token happened 0 times.
--------------------------------------------------
--------------------------------------------------

 
                  Evaluation. 
                 Player A| Q = 0.25727039857352463 * activeTokens + 0.39689646881582047 * successfulTokens + 0.345833132610655 * tokenDistanceToBorder (EV: 0.0)
                 Player B| Q = 0.27262408955731987 * activeTokens + 0.4490182144658447 * successfulTokens + 0.2783576959768355 * tokenDistanceToBorder (EV: 41.33333333333333)
                 Player C| Q = 0.27118328976641554 * activeTokens + 0.40944424687567216 * successfulTokens + 0.31937246335791236 * tokenDistanceToBorder (EV: 8.0)

 
          Game over. 
         Player A/ Team 1: 1
         Player B/ Team 2: 1
         Player C/ Team 0: 5 <--WINNER ON SERVER within 10 turns

 
--------------------------------------------------
--------------------------------------------------
Depth report.
     Team 1:
        Depth 7 was reached 1 times.
        Depth 9 was reached 6 times.
        Depth 10 was reached 3 times.
        Fallback choosing random token happened 0 times.
     Team 2:
        Depth 7 was reached 3 times.
        Depth 9 was reached 3 times.
        Depth 10 was reached 4 times.
        Fallback choosing random token happened 0 times.
     Team 0:
        Depth 7 was reached 5 times.
        Depth 9 was reached 4 times.
        Depth 10 was reached 2 times.
        Fallback choosing random token happened 0 times.
--------------------------------------------------
--------------------------------------------------

 
                  Evaluation. 
                 Player A| Q = 0.25727039857352463 * activeTokens + 0.39689646881582047 * successfulTokens + 0.345833132610655 * tokenDistanceToBorder (EV: 4.0)
                 Player B| Q = 0.27262408955731987 * activeTokens + 0.4490182144658447 * successfulTokens + 0.2783576959768355 * tokenDistanceToBorder (EV: 4.0)
                 Player C| Q = 0.27118328976641554 * activeTokens + 0.40944424687567216 * successfulTokens + 0.31937246335791236 * tokenDistanceToBorder (EV: 43.33333333333333)

 
Calculating medium parameter evaluation from 20 games played. 
[8.0, 43.06666666666666, 42.8, 4.0, 42.8, 0.0, 0.0, 43.06666666666666, 44.06666666666666, 4.0, 42.8, 0.0, 42.8, 0.0, 43.06666666666666, 43.6, 8.0, 43.6, 0.0, 4.0] ----> Writing medium:Q = 0.25727039857352463 * activeTokens + 0.39689646881582047 * successfulTokens + 0.345833132610655 * tokenDistanceToBorder (EV: 22.983333333333334)
[41.33333333333333, 2.0, 4.0, 4.0, 3.0, 41.33333333333333, 8.0, 2.0, 5.0, 4.0, 3.0, 8.0, 4.0, 41.33333333333333, 2.0, 4.0, 41.33333333333333, 4.0, 41.33333333333333, 4.0] ----> Writing medium:Q = 0.27262408955731987 * activeTokens + 0.4490182144658447 * successfulTokens + 0.2783576959768355 * tokenDistanceToBorder (EV: 13.383333333333331)
[0.0, 6.0, 3.0, 46.4, 4.0, 8.0, 41.33333333333333, 6.0, 3.0, 43.33333333333333, 4.0, 41.33333333333333, 3.0, 8.0, 6.0, 4.0, 0.0, 4.0, 8.0, 43.33333333333333] ----> Writing medium:Q = 0.27118328976641554 * activeTokens + 0.40944424687567216 * successfulTokens + 0.31937246335791236 * tokenDistanceToBorder (EV: 14.136666666666665)

 
!!!!!!!!!!!!!!!!!!!!!!!!!!!ERROR DETECTED!!!!!!!!!!!!!!!!!!!!!!!!!. 


You got kicked because your move was invalid!



 
INFO: Team 2 lost prematurely (probably because it had no more tokens to play). 


 
          Game over. 
         Player A/ Team 0: 4
         Player B/ Team 2: 1
         Player C/ Team 1: 5 <--WINNER ON SERVER within 15 turns

 
--------------------------------------------------
--------------------------------------------------
Depth report.
     Team 0:
        Depth 7 was reached 8 times.
        Depth 9 was reached 2 times.
        Depth 10 was reached 5 times.
        Fallback choosing random token happened 0 times.
     Team 2:
        Depth 7 was reached 5 times.
        Depth 9 was reached 0 times.
        Depth 10 was reached 5 times.
        Fallback choosing random token happened 0 times.
     Team 1:
        Depth 7 was reached 6 times.
        Depth 9 was reached 2 times.
        Depth 10 was reached 7 times.
        Fallback choosing random token happened 0 times.
--------------------------------------------------
--------------------------------------------------

 
                  Evaluation. 
                 Player A| Q = 0.22620582523055674 * activeTokens + 0.45798508472595645 * successfulTokens + 0.3158090900434869 * tokenDistanceToBorder (EV: 7.0)
                 Player B| Q = 0.2617508538019618 * activeTokens + 0.4798705406550762 * successfulTokens + 0.258378605542962 * tokenDistanceToBorder (EV: 0.0)
                 Player C| Q = 0.3539812510837182 * activeTokens + 0.383029584042426 * successfulTokens + 0.2629891648738559 * tokenDistanceToBorder (EV: 39.0)

 
          Game over. 
         Player A/ Team 0: 5 <--WINNER ON SERVER within 12 turns
         Player B/ Team 1: 4
         Player C/ Team 2: 2

 
--------------------------------------------------
--------------------------------------------------
Depth report.
     Team 0:
        Depth 7 was reached 10 times.
        Depth 9 was reached 2 times.
        Depth 10 was reached 0 times.
        Fallback choosing random token happened 0 times.
     Team 1:
        Depth 7 was reached 5 times.
        Depth 9 was reached 5 times.
        Depth 10 was reached 1 times.
        Fallback choosing random token happened 0 times.
     Team 2:
        Depth 7 was reached 7 times.
        Depth 9 was reached 4 times.
        Depth 10 was reached 0 times.
        Fallback choosing random token happened 0 times.
--------------------------------------------------
--------------------------------------------------

 
                  Evaluation. 
                 Player A| Q = 0.22620582523055674 * activeTokens + 0.45798508472595645 * successfulTokens + 0.3158090900434869 * tokenDistanceToBorder (EV: 38.8)
                 Player B| Q = 0.2617508538019618 * activeTokens + 0.4798705406550762 * successfulTokens + 0.258378605542962 * tokenDistanceToBorder (EV: 6.0)
                 Player C| Q = 0.3539812510837182 * activeTokens + 0.383029584042426 * successfulTokens + 0.2629891648738559 * tokenDistanceToBorder (EV: 2.0)

 
          Game over. 
         Player A/ Team 0: 3
         Player B/ Team 2: 1
         Player C/ Team 1: 5 <--WINNER ON SERVER within 11 turns

 
--------------------------------------------------
--------------------------------------------------
Depth report.
     Team 0:
        Depth 7 was reached 6 times.
        Depth 9 was reached 2 times.
        Depth 10 was reached 3 times.
        Fallback choosing random token happened 0 times.
     Team 2:
        Depth 7 was reached 5 times.
        Depth 9 was reached 1 times.
        Depth 10 was reached 4 times.
        Fallback choosing random token happened 0 times.
     Team 1:
        Depth 7 was reached 6 times.
        Depth 9 was reached 2 times.
        Depth 10 was reached 3 times.
        Fallback choosing random token happened 0 times.
--------------------------------------------------
--------------------------------------------------

 
                  Evaluation. 
                 Player A| Q = 0.22620582523055674 * activeTokens + 0.45798508472595645 * successfulTokens + 0.3158090900434869 * tokenDistanceToBorder (EV: 6.0)
                 Player B| Q = 0.2617508538019618 * activeTokens + 0.4798705406550762 * successfulTokens + 0.258378605542962 * tokenDistanceToBorder (EV: 2.0)
                 Player C| Q = 0.3539812510837182 * activeTokens + 0.383029584042426 * successfulTokens + 0.2629891648738559 * tokenDistanceToBorder (EV: 41.06666666666666)

 
          Game over. 
         Player A/ Team 2: 0
         Player B/ Team 1: 5 <--WINNER ON SERVER within 8 turns
         Player C/ Team 0: 2

 
--------------------------------------------------
--------------------------------------------------
Depth report.
     Team 2:
        Depth 7 was reached 6 times.
        Depth 9 was reached 1 times.
        Depth 10 was reached 1 times.
        Fallback choosing random token happened 0 times.
     Team 1:
        Depth 7 was reached 7 times.
        Depth 9 was reached 2 times.
        Depth 10 was reached 0 times.
        Fallback choosing random token happened 0 times.
     Team 0:
        Depth 7 was reached 7 times.
        Depth 9 was reached 1 times.
        Depth 10 was reached 0 times.
        Fallback choosing random token happened 1 times.
--------------------------------------------------
--------------------------------------------------

 
                  Evaluation. 
                 Player A| Q = 0.22620582523055674 * activeTokens + 0.45798508472595645 * successfulTokens + 0.3158090900434869 * tokenDistanceToBorder (EV: 2.0)
                 Player B| Q = 0.2617508538019618 * activeTokens + 0.4798705406550762 * successfulTokens + 0.258378605542962 * tokenDistanceToBorder (EV: 43.86666666666667)
                 Player C| Q = 0.3539812510837182 * activeTokens + 0.383029584042426 * successfulTokens + 0.2629891648738559 * tokenDistanceToBorder (EV: 6.0)

 
          Game over. 
         Player A/ Team 0: 6 <--WINNER ON SERVER within 10 turns
         Player B/ Team 1: 1
         Player C/ Team 2: 1

 
--------------------------------------------------
--------------------------------------------------
Depth report.
     Team 0:
        Depth 7 was reached 10 times.
        Depth 9 was reached 0 times.
        Depth 10 was reached 0 times.
        Fallback choosing random token happened 0 times.
     Team 1:
        Depth 7 was reached 8 times.
        Depth 9 was reached 1 times.
        Depth 10 was reached 0 times.
        Fallback choosing random token happened 0 times.
     Team 2:
        Depth 7 was reached 9 times.
        Depth 9 was reached 0 times.
        Depth 10 was reached 0 times.
        Fallback choosing random token happened 0 times.
--------------------------------------------------
--------------------------------------------------

 
                  Evaluation. 
                 Player A| Q = 0.22620582523055674 * activeTokens + 0.45798508472595645 * successfulTokens + 0.3158090900434869 * tokenDistanceToBorder (EV: 43.33333333333333)
                 Player B| Q = 0.2617508538019618 * activeTokens + 0.4798705406550762 * successfulTokens + 0.258378605542962 * tokenDistanceToBorder (EV: 4.0)
                 Player C| Q = 0.3539812510837182 * activeTokens + 0.383029584042426 * successfulTokens + 0.2629891648738559 * tokenDistanceToBorder (EV: 4.0)

 
          Game over. 
         Player A/ Team 2: 0
         Player B/ Team 0: 6 <--WINNER ON SERVER within 10 turns
         Player C/ Team 1: 2

 
