
 
----------------------------------------------------------------------
 Starting Generation (Number: 8).
 
Creating mutations. 
High Mutations: [0.0376, -0.0668, 0.0292][0.031, 0.0099, -0.0409][-0.0326, -0.0041, 0.0367]
Low_Mutations: [0.0, 0.0, 0.0][0.00596, -0.09694, 0.09098][0.04874, -0.07396, 0.02522]
 
Recombination. 
Parent: Q = 0.2009683132896774 * activeTokens + 0.4397970958040569 * successfulTokens + 0.3592345909062657 * tokenDistanceToBorder (EV: 4.95)
Child: Q = 0.3008249420294835 * activeTokens + 0.39726984949953575 * successfulTokens + 0.30190520847098073 * tokenDistanceToBorder (EV: 0.0)
Child: Q = 0.3370048202778307 * activeTokens + 0.3329928317604508 * successfulTokens + 0.33000234796171846 * tokenDistanceToBorder (EV: 0.0)
Parent: Q = 0.25498100499262694 * activeTokens + 0.34931802311191623 * successfulTokens + 0.3957009718954569 * tokenDistanceToBorder (EV: 19.60333333333333)
Child: Q = 0.30655983762416833 * activeTokens + 0.3039911953135045 * successfulTokens + 0.38944896706232723 * tokenDistanceToBorder (EV: 0.0)
Child: Q = 0.3306540969682804 * activeTokens + 0.4067959344638612 * successfulTokens + 0.26254996856785845 * tokenDistanceToBorder (EV: 0.0)
Parent: Q = 0.35364952645526604 * activeTokens + 0.42493408034562047 * successfulTokens + 0.2214163931991135 * tokenDistanceToBorder (EV: 26.370000000000005)
Child: Q = 0.347724071439708 * activeTokens + 0.3261032592003933 * successfulTokens + 0.32617266935989875 * tokenDistanceToBorder (EV: 0.0)
Child: Q = 0.2694562178035229 * activeTokens + 0.39332470320117874 * successfulTokens + 0.33721907899529835 * tokenDistanceToBorder (EV: 0.0)

 
          Game over. 
         Player A/ Team 2: 1
         Player B/ Team 0: 5 <--WINNER ON SERVER within 7 turns
         Player C/ Team 1: 1

 
--------------------------------------------------
--------------------------------------------------
Depth report.
     Team 2:
        Depth 7 was reached 3 times.
        Depth 9 was reached 1 times.
        Depth 10 was reached 3 times.
        Fallback choosing random token happened 0 times.
     Team 0:
        Depth 7 was reached 6 times.
        Depth 9 was reached 1 times.
        Depth 10 was reached 1 times.
        Fallback choosing random token happened 0 times.
     Team 1:
        Depth 7 was reached 2 times.
        Depth 9 was reached 4 times.
        Depth 10 was reached 1 times.
        Fallback choosing random token happened 0 times.
--------------------------------------------------
--------------------------------------------------

 
                  Evaluation. 
                 Player A| Q = 0.2009683132896774 * activeTokens + 0.4397970958040569 * successfulTokens + 0.3592345909062657 * tokenDistanceToBorder (EV: 4.0)
                 Player B| Q = 0.3008249420294835 * activeTokens + 0.39726984949953575 * successfulTokens + 0.30190520847098073 * tokenDistanceToBorder (EV: 44.13333333333333)
                 Player C| Q = 0.3370048202778307 * activeTokens + 0.3329928317604508 * successfulTokens + 0.33000234796171846 * tokenDistanceToBorder (EV: 4.0)

 
          Game over. 
         Player A/ Team 2: 0
         Player B/ Team 1: 0
         Player C/ Team 0: 5 <--WINNER ON SERVER within 9 turns

 
--------------------------------------------------
--------------------------------------------------
Depth report.
     Team 2:
        Depth 7 was reached 6 times.
        Depth 9 was reached 0 times.
        Depth 10 was reached 3 times.
        Fallback choosing random token happened 0 times.
     Team 1:
        Depth 7 was reached 5 times.
        Depth 9 was reached 4 times.
        Depth 10 was reached 0 times.
        Fallback choosing random token happened 0 times.
     Team 0:
        Depth 7 was reached 9 times.
        Depth 9 was reached 1 times.
        Depth 10 was reached 0 times.
        Fallback choosing random token happened 0 times.
--------------------------------------------------
--------------------------------------------------

 
                  Evaluation. 
                 Player A| Q = 0.2009683132896774 * activeTokens + 0.4397970958040569 * successfulTokens + 0.3592345909062657 * tokenDistanceToBorder (EV: 4.0)
                 Player B| Q = 0.3008249420294835 * activeTokens + 0.39726984949953575 * successfulTokens + 0.30190520847098073 * tokenDistanceToBorder (EV: 4.0)
                 Player C| Q = 0.3370048202778307 * activeTokens + 0.3329928317604508 * successfulTokens + 0.33000234796171846 * tokenDistanceToBorder (EV: 45.6)

 
          Game over. 
         Player A/ Team 2: 0
         Player B/ Team 1: 0
         Player C/ Team 0: 5 <--WINNER ON SERVER within 9 turns

 
--------------------------------------------------
--------------------------------------------------
Depth report.
     Team 2:
        Depth 7 was reached 6 times.
        Depth 9 was reached 0 times.
        Depth 10 was reached 3 times.
        Fallback choosing random token happened 0 times.
     Team 1:
        Depth 7 was reached 5 times.
        Depth 9 was reached 4 times.
        Depth 10 was reached 0 times.
        Fallback choosing random token happened 0 times.
     Team 0:
        Depth 7 was reached 9 times.
        Depth 9 was reached 1 times.
        Depth 10 was reached 0 times.
        Fallback choosing random token happened 0 times.
--------------------------------------------------
--------------------------------------------------

 
                  Evaluation. 
                 Player A| Q = 0.2009683132896774 * activeTokens + 0.4397970958040569 * successfulTokens + 0.3592345909062657 * tokenDistanceToBorder (EV: 4.0)
                 Player B| Q = 0.3008249420294835 * activeTokens + 0.39726984949953575 * successfulTokens + 0.30190520847098073 * tokenDistanceToBorder (EV: 4.0)
                 Player C| Q = 0.3370048202778307 * activeTokens + 0.3329928317604508 * successfulTokens + 0.33000234796171846 * tokenDistanceToBorder (EV: 45.6)

 
          Game over. 
         Player A/ Team 2: 2
         Player B/ Team 1: 0
         Player C/ Team 0: 5 <--WINNER ON SERVER within 9 turns

 
--------------------------------------------------
--------------------------------------------------
Depth report.
     Team 2:
        Depth 7 was reached 4 times.
        Depth 9 was reached 3 times.
        Depth 10 was reached 2 times.
        Fallback choosing random token happened 0 times.
     Team 1:
        Depth 7 was reached 2 times.
        Depth 9 was reached 5 times.
        Depth 10 was reached 2 times.
        Fallback choosing random token happened 0 times.
     Team 0:
        Depth 7 was reached 7 times.
        Depth 9 was reached 2 times.
        Depth 10 was reached 1 times.
        Fallback choosing random token happened 0 times.
--------------------------------------------------
--------------------------------------------------

 
                  Evaluation. 
                 Player A| Q = 0.2009683132896774 * activeTokens + 0.4397970958040569 * successfulTokens + 0.3592345909062657 * tokenDistanceToBorder (EV: 6.0)
                 Player B| Q = 0.3008249420294835 * activeTokens + 0.39726984949953575 * successfulTokens + 0.30190520847098073 * tokenDistanceToBorder (EV: 2.0)
                 Player C| Q = 0.3370048202778307 * activeTokens + 0.3329928317604508 * successfulTokens + 0.33000234796171846 * tokenDistanceToBorder (EV: 43.6)

 
          Game over. 
         Player A/ Team 1: 2
         Player B/ Team 2: 0
         Player C/ Team 0: 5 <--WINNER ON SERVER within 10 turns

 
--------------------------------------------------
--------------------------------------------------
Depth report.
     Team 1:
        Depth 7 was reached 7 times.
        Depth 9 was reached 2 times.
        Depth 10 was reached 1 times.
        Fallback choosing random token happened 0 times.
     Team 2:
        Depth 7 was reached 9 times.
        Depth 9 was reached 0 times.
        Depth 10 was reached 1 times.
        Fallback choosing random token happened 0 times.
     Team 0:
        Depth 7 was reached 9 times.
        Depth 9 was reached 1 times.
        Depth 10 was reached 0 times.
        Fallback choosing random token happened 1 times.
--------------------------------------------------
--------------------------------------------------

 
                  Evaluation. 
                 Player A| Q = 0.2009683132896774 * activeTokens + 0.4397970958040569 * successfulTokens + 0.3592345909062657 * tokenDistanceToBorder (EV: 6.0)
                 Player B| Q = 0.3008249420294835 * activeTokens + 0.39726984949953575 * successfulTokens + 0.30190520847098073 * tokenDistanceToBorder (EV: 2.0)
                 Player C| Q = 0.3370048202778307 * activeTokens + 0.3329928317604508 * successfulTokens + 0.33000234796171846 * tokenDistanceToBorder (EV: 43.33333333333333)

 
!!!!!!!!!!!!!!!!!!!!!!!!!!!ERROR DETECTED!!!!!!!!!!!!!!!!!!!!!!!!!. 


You got kicked because your move was invalid!



 
INFO: Team 2 lost prematurely (probably because it had no more tokens to play). 


 
          Game over. 
         Player A/ Team 0: 6 <--WINNER ON SERVER within 10 turns
         Player B/ Team 2: 3
         Player C/ Team 1: 3

 
--------------------------------------------------
--------------------------------------------------
Depth report.
     Team 0:
        Depth 7 was reached 4 times.
        Depth 9 was reached 1 times.
        Depth 10 was reached 5 times.
        Fallback choosing random token happened 0 times.
     Team 2:
        Depth 7 was reached 1 times.
        Depth 9 was reached 1 times.
        Depth 10 was reached 5 times.
        Fallback choosing random token happened 0 times.
     Team 1:
        Depth 7 was reached 2 times.
        Depth 9 was reached 2 times.
        Depth 10 was reached 5 times.
        Fallback choosing random token happened 0 times.
--------------------------------------------------
--------------------------------------------------

 
                  Evaluation. 
                 Player A| Q = 0.2009683132896774 * activeTokens + 0.4397970958040569 * successfulTokens + 0.3592345909062657 * tokenDistanceToBorder (EV: 39.333333333333336)
                 Player B| Q = 0.3008249420294835 * activeTokens + 0.39726984949953575 * successfulTokens + 0.30190520847098073 * tokenDistanceToBorder (EV: 1.0)
                 Player C| Q = 0.3370048202778307 * activeTokens + 0.3329928317604508 * successfulTokens + 0.33000234796171846 * tokenDistanceToBorder (EV: 4.0)

 
          Game over. 
         Player A/ Team 0: 5 <--WINNER ON SERVER within 14 turns
         Player B/ Team 1: 2
         Player C/ Team 2: 1

 
--------------------------------------------------
--------------------------------------------------
Depth report.
     Team 0:
        Depth 7 was reached 8 times.
        Depth 9 was reached 4 times.
        Depth 10 was reached 2 times.
        Fallback choosing random token happened 0 times.
     Team 1:
        Depth 7 was reached 3 times.
        Depth 9 was reached 7 times.
        Depth 10 was reached 3 times.
        Fallback choosing random token happened 0 times.
     Team 2:
        Depth 7 was reached 6 times.
        Depth 9 was reached 1 times.
        Depth 10 was reached 6 times.
        Fallback choosing random token happened 0 times.
--------------------------------------------------
--------------------------------------------------

 
                  Evaluation. 
                 Player A| Q = 0.2009683132896774 * activeTokens + 0.4397970958040569 * successfulTokens + 0.3592345909062657 * tokenDistanceToBorder (EV: 41.266666666666666)
                 Player B| Q = 0.3008249420294835 * activeTokens + 0.39726984949953575 * successfulTokens + 0.30190520847098073 * tokenDistanceToBorder (EV: 5.0)
                 Player C| Q = 0.3370048202778307 * activeTokens + 0.3329928317604508 * successfulTokens + 0.33000234796171846 * tokenDistanceToBorder (EV: 3.0)

 
          Game over. 
         Player A/ Team 1: 3
         Player B/ Team 0: 5 <--WINNER ON SERVER within 9 turns
         Player C/ Team 2: 1

 
--------------------------------------------------
--------------------------------------------------
Depth report.
     Team 1:
        Depth 7 was reached 2 times.
        Depth 9 was reached 3 times.
        Depth 10 was reached 4 times.
        Fallback choosing random token happened 0 times.
     Team 0:
        Depth 7 was reached 9 times.
        Depth 9 was reached 1 times.
        Depth 10 was reached 0 times.
        Fallback choosing random token happened 0 times.
     Team 2:
        Depth 7 was reached 5 times.
        Depth 9 was reached 2 times.
        Depth 10 was reached 2 times.
        Fallback choosing random token happened 0 times.
--------------------------------------------------
--------------------------------------------------

 
                  Evaluation. 
                 Player A| Q = 0.2009683132896774 * activeTokens + 0.4397970958040569 * successfulTokens + 0.3592345909062657 * tokenDistanceToBorder (EV: 6.0)
                 Player B| Q = 0.3008249420294835 * activeTokens + 0.39726984949953575 * successfulTokens + 0.30190520847098073 * tokenDistanceToBorder (EV: 41.6)
                 Player C| Q = 0.3370048202778307 * activeTokens + 0.3329928317604508 * successfulTokens + 0.33000234796171846 * tokenDistanceToBorder (EV: 2.0)

 
          Game over. 
         Player A/ Team 2: 3
         Player B/ Team 1: 0
         Player C/ Team 0: 5 <--WINNER ON SERVER within 9 turns

 
--------------------------------------------------
--------------------------------------------------
Depth report.
     Team 2:
        Depth 7 was reached 4 times.
        Depth 9 was reached 2 times.
        Depth 10 was reached 3 times.
        Fallback choosing random token happened 0 times.
     Team 1:
        Depth 7 was reached 3 times.
        Depth 9 was reached 5 times.
        Depth 10 was reached 1 times.
        Fallback choosing random token happened 0 times.
     Team 0:
        Depth 7 was reached 7 times.
        Depth 9 was reached 1 times.
        Depth 10 was reached 2 times.
        Fallback choosing random token happened 0 times.
--------------------------------------------------
--------------------------------------------------

 
                  Evaluation. 
                 Player A| Q = 0.2009683132896774 * activeTokens + 0.4397970958040569 * successfulTokens + 0.3592345909062657 * tokenDistanceToBorder (EV: 7.0)
                 Player B| Q = 0.3008249420294835 * activeTokens + 0.39726984949953575 * successfulTokens + 0.30190520847098073 * tokenDistanceToBorder (EV: 1.0)
                 Player C| Q = 0.3370048202778307 * activeTokens + 0.3329928317604508 * successfulTokens + 0.33000234796171846 * tokenDistanceToBorder (EV: 42.6)

 
          Game over. 
         Player A/ Team 2: 3
         Player B/ Team 1: 0
         Player C/ Team 0: 5 <--WINNER ON SERVER within 9 turns

 
--------------------------------------------------
--------------------------------------------------
Depth report.
     Team 2:
        Depth 7 was reached 4 times.
        Depth 9 was reached 2 times.
        Depth 10 was reached 3 times.
        Fallback choosing random token happened 0 times.
     Team 1:
        Depth 7 was reached 3 times.
        Depth 9 was reached 5 times.
        Depth 10 was reached 1 times.
        Fallback choosing random token happened 0 times.
     Team 0:
        Depth 7 was reached 7 times.
        Depth 9 was reached 1 times.
        Depth 10 was reached 2 times.
        Fallback choosing random token happened 0 times.
--------------------------------------------------
--------------------------------------------------

 
                  Evaluation. 
                 Player A| Q = 0.2009683132896774 * activeTokens + 0.4397970958040569 * successfulTokens + 0.3592345909062657 * tokenDistanceToBorder (EV: 7.0)
                 Player B| Q = 0.3008249420294835 * activeTokens + 0.39726984949953575 * successfulTokens + 0.30190520847098073 * tokenDistanceToBorder (EV: 1.0)
                 Player C| Q = 0.3370048202778307 * activeTokens + 0.3329928317604508 * successfulTokens + 0.33000234796171846 * tokenDistanceToBorder (EV: 42.6)

 
          Game over. 
         Player A/ Team 1: 4
         Player B/ Team 0: 5 <--WINNER ON SERVER within 10 turns
         Player C/ Team 2: 3

 
--------------------------------------------------
--------------------------------------------------
Depth report.
     Team 1:
        Depth 7 was reached 1 times.
        Depth 9 was reached 6 times.
        Depth 10 was reached 3 times.
        Fallback choosing random token happened 0 times.
     Team 0:
        Depth 7 was reached 5 times.
        Depth 9 was reached 5 times.
        Depth 10 was reached 1 times.
        Fallback choosing random token happened 0 times.
     Team 2:
        Depth 7 was reached 0 times.
        Depth 9 was reached 3 times.
        Depth 10 was reached 7 times.
        Fallback choosing random token happened 0 times.
--------------------------------------------------
--------------------------------------------------

 
                  Evaluation. 
                 Player A| Q = 0.2009683132896774 * activeTokens + 0.4397970958040569 * successfulTokens + 0.3592345909062657 * tokenDistanceToBorder (EV: 5.0)
                 Player B| Q = 0.3008249420294835 * activeTokens + 0.39726984949953575 * successfulTokens + 0.30190520847098073 * tokenDistanceToBorder (EV: 38.333333333333336)
                 Player C| Q = 0.3370048202778307 * activeTokens + 0.3329928317604508 * successfulTokens + 0.33000234796171846 * tokenDistanceToBorder (EV: 3.0)

 
          Game over. 
         Player A/ Team 1: 5 <--WINNER ON SERVER within 11 turns
         Player B/ Team 2: 0
         Player C/ Team 0: 1

 
--------------------------------------------------
--------------------------------------------------
Depth report.
     Team 1:
        Depth 7 was reached 8 times.
        Depth 9 was reached 2 times.
        Depth 10 was reached 1 times.
        Fallback choosing random token happened 0 times.
     Team 2:
        Depth 7 was reached 7 times.
        Depth 9 was reached 0 times.
        Depth 10 was reached 3 times.
        Fallback choosing random token happened 0 times.
     Team 0:
        Depth 7 was reached 7 times.
        Depth 9 was reached 2 times.
        Depth 10 was reached 1 times.
        Fallback choosing random token happened 1 times.
--------------------------------------------------
--------------------------------------------------

 
                  Evaluation. 
                 Player A| Q = 0.2009683132896774 * activeTokens + 0.4397970958040569 * successfulTokens + 0.3592345909062657 * tokenDistanceToBorder (EV: 44.06666666666666)
                 Player B| Q = 0.3008249420294835 * activeTokens + 0.39726984949953575 * successfulTokens + 0.30190520847098073 * tokenDistanceToBorder (EV: 3.0)
                 Player C| Q = 0.3370048202778307 * activeTokens + 0.3329928317604508 * successfulTokens + 0.33000234796171846 * tokenDistanceToBorder (EV: 5.0)

 
!!!!!!!!!!!!!!!!!!!!!!!!!!!ERROR DETECTED!!!!!!!!!!!!!!!!!!!!!!!!!. 


You got kicked because your move was invalid!



 
INFO: Team 2 lost prematurely (probably because it had no more tokens to play). 


 
          Game over. 
         Player A/ Team 1: 4
         Player B/ Team 2: 0
         Player C/ Team 0: 5 <--WINNER ON SERVER within 13 turns

 
--------------------------------------------------
--------------------------------------------------
Depth report.
     Team 1:
        Depth 7 was reached 6 times.
        Depth 9 was reached 2 times.
        Depth 10 was reached 5 times.
        Fallback choosing random token happened 0 times.
     Team 2:
        Depth 7 was reached 7 times.
        Depth 9 was reached 0 times.
        Depth 10 was reached 1 times.
        Fallback choosing random token happened 0 times.
     Team 0:
        Depth 7 was reached 6 times.
        Depth 9 was reached 2 times.
        Depth 10 was reached 5 times.
        Fallback choosing random token happened 1 times.
--------------------------------------------------
--------------------------------------------------

 
                  Evaluation. 
                 Player A| Q = 0.2009683132896774 * activeTokens + 0.4397970958040569 * successfulTokens + 0.3592345909062657 * tokenDistanceToBorder (EV: 8.0)
                 Player B| Q = 0.3008249420294835 * activeTokens + 0.39726984949953575 * successfulTokens + 0.30190520847098073 * tokenDistanceToBorder (EV: 0.0)
                 Player C| Q = 0.3370048202778307 * activeTokens + 0.3329928317604508 * successfulTokens + 0.33000234796171846 * tokenDistanceToBorder (EV: 40.53333333333333)

 
          Game over. 
         Player A/ Team 2: 0
         Player B/ Team 1: 0
         Player C/ Team 0: 5 <--WINNER ON SERVER within 7 turns

 
--------------------------------------------------
--------------------------------------------------
Depth report.
     Team 2:
        Depth 7 was reached 5 times.
        Depth 9 was reached 1 times.
        Depth 10 was reached 1 times.
        Fallback choosing random token happened 0 times.
     Team 1:
        Depth 7 was reached 2 times.
        Depth 9 was reached 5 times.
        Depth 10 was reached 0 times.
        Fallback choosing random token happened 0 times.
     Team 0:
        Depth 7 was reached 7 times.
        Depth 9 was reached 1 times.
        Depth 10 was reached 0 times.
        Fallback choosing random token happened 0 times.
--------------------------------------------------
--------------------------------------------------

 
                  Evaluation. 
                 Player A| Q = 0.2009683132896774 * activeTokens + 0.4397970958040569 * successfulTokens + 0.3592345909062657 * tokenDistanceToBorder (EV: 4.0)
                 Player B| Q = 0.3008249420294835 * activeTokens + 0.39726984949953575 * successfulTokens + 0.30190520847098073 * tokenDistanceToBorder (EV: 4.0)
                 Player C| Q = 0.3370048202778307 * activeTokens + 0.3329928317604508 * successfulTokens + 0.33000234796171846 * tokenDistanceToBorder (EV: 46.13333333333333)

 
          Game over. 
         Player A/ Team 2: 1
         Player B/ Team 0: 5 <--WINNER ON SERVER within 7 turns
         Player C/ Team 1: 1

 
--------------------------------------------------
--------------------------------------------------
Depth report.
     Team 2:
        Depth 7 was reached 3 times.
        Depth 9 was reached 1 times.
        Depth 10 was reached 3 times.
        Fallback choosing random token happened 0 times.
     Team 0:
        Depth 7 was reached 6 times.
        Depth 9 was reached 1 times.
        Depth 10 was reached 1 times.
        Fallback choosing random token happened 0 times.
     Team 1:
        Depth 7 was reached 2 times.
        Depth 9 was reached 4 times.
        Depth 10 was reached 1 times.
        Fallback choosing random token happened 0 times.
--------------------------------------------------
--------------------------------------------------

 
                  Evaluation. 
                 Player A| Q = 0.2009683132896774 * activeTokens + 0.4397970958040569 * successfulTokens + 0.3592345909062657 * tokenDistanceToBorder (EV: 4.0)
                 Player B| Q = 0.3008249420294835 * activeTokens + 0.39726984949953575 * successfulTokens + 0.30190520847098073 * tokenDistanceToBorder (EV: 44.13333333333333)
                 Player C| Q = 0.3370048202778307 * activeTokens + 0.3329928317604508 * successfulTokens + 0.33000234796171846 * tokenDistanceToBorder (EV: 4.0)

 
          Game over. 
         Player A/ Team 1: 6 <--WINNER ON SERVER within 12 turns
         Player B/ Team 2: 0
         Player C/ Team 0: 4

 
--------------------------------------------------
--------------------------------------------------
Depth report.
     Team 1:
        Depth 7 was reached 7 times.
        Depth 9 was reached 5 times.
        Depth 10 was reached 0 times.
        Fallback choosing random token happened 0 times.
     Team 2:
        Depth 7 was reached 7 times.
        Depth 9 was reached 0 times.
        Depth 10 was reached 4 times.
        Fallback choosing random token happened 0 times.
     Team 0:
        Depth 7 was reached 9 times.
        Depth 9 was reached 2 times.
        Depth 10 was reached 0 times.
        Fallback choosing random token happened 1 times.
--------------------------------------------------
--------------------------------------------------

 
                  Evaluation. 
                 Player A| Q = 0.2009683132896774 * activeTokens + 0.4397970958040569 * successfulTokens + 0.3592345909062657 * tokenDistanceToBorder (EV: 40.8)
                 Player B| Q = 0.3008249420294835 * activeTokens + 0.39726984949953575 * successfulTokens + 0.30190520847098073 * tokenDistanceToBorder (EV: 0.0)
                 Player C| Q = 0.3370048202778307 * activeTokens + 0.3329928317604508 * successfulTokens + 0.33000234796171846 * tokenDistanceToBorder (EV: 8.0)

 
          Game over. 
         Player A/ Team 0: 3
         Player B/ Team 1: 0
         Player C/ Team 2: 5 <--WINNER ON SERVER within 8 turns

 
--------------------------------------------------
--------------------------------------------------
Depth report.
     Team 0:
        Depth 7 was reached 3 times.
        Depth 9 was reached 2 times.
        Depth 10 was reached 3 times.
        Fallback choosing random token happened 0 times.
     Team 1:
        Depth 7 was reached 1 times.
        Depth 9 was reached 3 times.
        Depth 10 was reached 4 times.
        Fallback choosing random token happened 0 times.
     Team 2:
        Depth 7 was reached 0 times.
        Depth 9 was reached 2 times.
        Depth 10 was reached 6 times.
        Fallback choosing random token happened 0 times.
--------------------------------------------------
--------------------------------------------------

 
                  Evaluation. 
                 Player A| Q = 0.2009683132896774 * activeTokens + 0.4397970958040569 * successfulTokens + 0.3592345909062657 * tokenDistanceToBorder (EV: 7.0)
                 Player B| Q = 0.3008249420294835 * activeTokens + 0.39726984949953575 * successfulTokens + 0.30190520847098073 * tokenDistanceToBorder (EV: 1.0)
                 Player C| Q = 0.3370048202778307 * activeTokens + 0.3329928317604508 * successfulTokens + 0.33000234796171846 * tokenDistanceToBorder (EV: 42.86666666666667)

 
          Game over. 
         Player A/ Team 0: 3
         Player B/ Team 1: 0
         Player C/ Team 2: 5 <--WINNER ON SERVER within 8 turns

 
--------------------------------------------------
--------------------------------------------------
Depth report.
     Team 0:
        Depth 7 was reached 3 times.
        Depth 9 was reached 2 times.
        Depth 10 was reached 3 times.
        Fallback choosing random token happened 0 times.
     Team 1:
        Depth 7 was reached 1 times.
        Depth 9 was reached 3 times.
        Depth 10 was reached 4 times.
        Fallback choosing random token happened 0 times.
     Team 2:
        Depth 7 was reached 0 times.
        Depth 9 was reached 2 times.
        Depth 10 was reached 6 times.
        Fallback choosing random token happened 0 times.
--------------------------------------------------
--------------------------------------------------

 
                  Evaluation. 
                 Player A| Q = 0.2009683132896774 * activeTokens + 0.4397970958040569 * successfulTokens + 0.3592345909062657 * tokenDistanceToBorder (EV: 7.0)
                 Player B| Q = 0.3008249420294835 * activeTokens + 0.39726984949953575 * successfulTokens + 0.30190520847098073 * tokenDistanceToBorder (EV: 1.0)
                 Player C| Q = 0.3370048202778307 * activeTokens + 0.3329928317604508 * successfulTokens + 0.33000234796171846 * tokenDistanceToBorder (EV: 42.86666666666667)

 
          Game over. 
         Player A/ Team 0: 5 <--WINNER ON SERVER within 14 turns
         Player B/ Team 1: 2
         Player C/ Team 2: 1

 
--------------------------------------------------
--------------------------------------------------
Depth report.
     Team 0:
        Depth 7 was reached 8 times.
        Depth 9 was reached 4 times.
        Depth 10 was reached 2 times.
        Fallback choosing random token happened 0 times.
     Team 1:
        Depth 7 was reached 3 times.
        Depth 9 was reached 6 times.
        Depth 10 was reached 4 times.
        Fallback choosing random token happened 0 times.
     Team 2:
        Depth 7 was reached 6 times.
        Depth 9 was reached 1 times.
        Depth 10 was reached 6 times.
        Fallback choosing random token happened 0 times.
--------------------------------------------------
--------------------------------------------------

 
                  Evaluation. 
                 Player A| Q = 0.2009683132896774 * activeTokens + 0.4397970958040569 * successfulTokens + 0.3592345909062657 * tokenDistanceToBorder (EV: 41.266666666666666)
                 Player B| Q = 0.3008249420294835 * activeTokens + 0.39726984949953575 * successfulTokens + 0.30190520847098073 * tokenDistanceToBorder (EV: 5.0)
                 Player C| Q = 0.3370048202778307 * activeTokens + 0.3329928317604508 * successfulTokens + 0.33000234796171846 * tokenDistanceToBorder (EV: 3.0)

 
          Game over. 
         Player A/ Team 1: 4
         Player B/ Team 2: 0
         Player C/ Team 0: 5 <--WINNER ON SERVER within 12 turns

 
--------------------------------------------------
--------------------------------------------------
Depth report.
     Team 1:
        Depth 7 was reached 8 times.
        Depth 9 was reached 2 times.
        Depth 10 was reached 2 times.
        Fallback choosing random token happened 0 times.
     Team 2:
        Depth 7 was reached 7 times.
        Depth 9 was reached 0 times.
        Depth 10 was reached 5 times.
        Fallback choosing random token happened 0 times.
     Team 0:
        Depth 7 was reached 8 times.
        Depth 9 was reached 1 times.
        Depth 10 was reached 3 times.
        Fallback choosing random token happened 1 times.
--------------------------------------------------
--------------------------------------------------

 
                  Evaluation. 
                 Player A| Q = 0.2009683132896774 * activeTokens + 0.4397970958040569 * successfulTokens + 0.3592345909062657 * tokenDistanceToBorder (EV: 8.0)
                 Player B| Q = 0.3008249420294835 * activeTokens + 0.39726984949953575 * successfulTokens + 0.30190520847098073 * tokenDistanceToBorder (EV: 0.0)
                 Player C| Q = 0.3370048202778307 * activeTokens + 0.3329928317604508 * successfulTokens + 0.33000234796171846 * tokenDistanceToBorder (EV: 40.8)

 
Calculating medium parameter evaluation from 20 games played. 
[4.0, 4.0, 4.0, 6.0, 6.0, 39.333333333333336, 41.266666666666666, 6.0, 7.0, 7.0, 5.0, 44.06666666666666, 8.0, 4.0, 4.0, 40.8, 7.0, 7.0, 41.266666666666666, 8.0] ----> Writing medium:Q = 0.2009683132896774 * activeTokens + 0.4397970958040569 * successfulTokens + 0.3592345909062657 * tokenDistanceToBorder (EV: 14.686666666666664)
[44.13333333333333, 4.0, 4.0, 2.0, 2.0, 1.0, 5.0, 41.6, 1.0, 1.0, 38.333333333333336, 3.0, 0.0, 4.0, 44.13333333333333, 0.0, 1.0, 1.0, 5.0, 0.0] ----> Writing medium:Q = 0.3008249420294835 * activeTokens + 0.39726984949953575 * successfulTokens + 0.30190520847098073 * tokenDistanceToBorder (EV: 10.11)
[4.0, 45.6, 45.6, 43.6, 43.33333333333333, 4.0, 3.0, 2.0, 42.6, 42.6, 3.0, 5.0, 40.53333333333333, 46.13333333333333, 4.0, 8.0, 42.86666666666667, 42.86666666666667, 3.0, 40.8] ----> Writing medium:Q = 0.3370048202778307 * activeTokens + 0.3329928317604508 * successfulTokens + 0.33000234796171846 * tokenDistanceToBorder (EV: 25.626666666666665)

 
          Game over. 
         Player A/ Team 0: 5 <--WINNER ON SERVER within 12 turns
         Player B/ Team 2: 1
         Player C/ Team 1: 0

 
--------------------------------------------------
--------------------------------------------------
Depth report.
     Team 0:
        Depth 7 was reached 9 times.
        Depth 9 was reached 3 times.
        Depth 10 was reached 0 times.
        Fallback choosing random token happened 0 times.
     Team 2:
        Depth 7 was reached 8 times.
        Depth 9 was reached 2 times.
        Depth 10 was reached 1 times.
        Fallback choosing random token happened 0 times.
     Team 1:
        Depth 7 was reached 5 times.
        Depth 9 was reached 6 times.
        Depth 10 was reached 0 times.
        Fallback choosing random token happened 0 times.
--------------------------------------------------
--------------------------------------------------

 
                  Evaluation. 
                 Player A| Q = 0.25498100499262694 * activeTokens + 0.34931802311191623 * successfulTokens + 0.3957009718954569 * tokenDistanceToBorder (EV: 43.8)
                 Player B| Q = 0.30655983762416833 * activeTokens + 0.3039911953135045 * successfulTokens + 0.38944896706232723 * tokenDistanceToBorder (EV: 5.0)
                 Player C| Q = 0.3306540969682804 * activeTokens + 0.4067959344638612 * successfulTokens + 0.26254996856785845 * tokenDistanceToBorder (EV: 3.0)

 
          Game over. 
         Player A/ Team 2: 2
         Player B/ Team 1: 0
         Player C/ Team 0: 5 <--WINNER ON SERVER within 10 turns

 
--------------------------------------------------
--------------------------------------------------
Depth report.
     Team 2:
        Depth 7 was reached 5 times.
        Depth 9 was reached 3 times.
        Depth 10 was reached 2 times.
        Fallback choosing random token happened 0 times.
     Team 1:
        Depth 7 was reached 4 times.
        Depth 9 was reached 4 times.
        Depth 10 was reached 2 times.
        Fallback choosing random token happened 0 times.
     Team 0:
        Depth 7 was reached 10 times.
        Depth 9 was reached 1 times.
        Depth 10 was reached 0 times.
        Fallback choosing random token happened 0 times.
--------------------------------------------------
--------------------------------------------------

 
                  Evaluation. 
                 Player A| Q = 0.25498100499262694 * activeTokens + 0.34931802311191623 * successfulTokens + 0.3957009718954569 * tokenDistanceToBorder (EV: 6.0)
                 Player B| Q = 0.30655983762416833 * activeTokens + 0.3039911953135045 * successfulTokens + 0.38944896706232723 * tokenDistanceToBorder (EV: 2.0)
                 Player C| Q = 0.3306540969682804 * activeTokens + 0.4067959344638612 * successfulTokens + 0.26254996856785845 * tokenDistanceToBorder (EV: 43.33333333333333)

 
          Game over. 
         Player A/ Team 0: 5 <--WINNER ON SERVER within 12 turns
         Player B/ Team 2: 1
         Player C/ Team 1: 0

 
--------------------------------------------------
--------------------------------------------------
Depth report.
     Team 0:
        Depth 7 was reached 9 times.
        Depth 9 was reached 3 times.
        Depth 10 was reached 0 times.
        Fallback choosing random token happened 0 times.
     Team 2:
        Depth 7 was reached 8 times.
        Depth 9 was reached 2 times.
        Depth 10 was reached 1 times.
        Fallback choosing random token happened 0 times.
     Team 1:
        Depth 7 was reached 5 times.
        Depth 9 was reached 6 times.
        Depth 10 was reached 0 times.
        Fallback choosing random token happened 0 times.
--------------------------------------------------
--------------------------------------------------

 
                  Evaluation. 
                 Player A| Q = 0.25498100499262694 * activeTokens + 0.34931802311191623 * successfulTokens + 0.3957009718954569 * tokenDistanceToBorder (EV: 43.8)
                 Player B| Q = 0.30655983762416833 * activeTokens + 0.3039911953135045 * successfulTokens + 0.38944896706232723 * tokenDistanceToBorder (EV: 5.0)
                 Player C| Q = 0.3306540969682804 * activeTokens + 0.4067959344638612 * successfulTokens + 0.26254996856785845 * tokenDistanceToBorder (EV: 3.0)

 
          Game over. 
         Player A/ Team 0: 3
         Player B/ Team 1: 1
         Player C/ Team 2: 5 <--WINNER ON SERVER within 10 turns

 
--------------------------------------------------
--------------------------------------------------
Depth report.
     Team 0:
        Depth 7 was reached 8 times.
        Depth 9 was reached 1 times.
        Depth 10 was reached 1 times.
        Fallback choosing random token happened 0 times.
     Team 1:
        Depth 7 was reached 6 times.
        Depth 9 was reached 3 times.
        Depth 10 was reached 1 times.
        Fallback choosing random token happened 0 times.
     Team 2:
        Depth 7 was reached 7 times.
        Depth 9 was reached 0 times.
        Depth 10 was reached 3 times.
        Fallback choosing random token happened 0 times.
--------------------------------------------------
--------------------------------------------------

 
                  Evaluation. 
                 Player A| Q = 0.25498100499262694 * activeTokens + 0.34931802311191623 * successfulTokens + 0.3957009718954569 * tokenDistanceToBorder (EV: 6.0)
                 Player B| Q = 0.30655983762416833 * activeTokens + 0.3039911953135045 * successfulTokens + 0.38944896706232723 * tokenDistanceToBorder (EV: 2.0)
                 Player C| Q = 0.3306540969682804 * activeTokens + 0.4067959344638612 * successfulTokens + 0.26254996856785845 * tokenDistanceToBorder (EV: 41.33333333333333)

 
          Game over. 
         Player A/ Team 0: 5 <--WINNER ON SERVER within 12 turns
         Player B/ Team 2: 1
         Player C/ Team 1: 0

 
--------------------------------------------------
--------------------------------------------------
Depth report.
     Team 0:
        Depth 7 was reached 9 times.
        Depth 9 was reached 3 times.
        Depth 10 was reached 0 times.
        Fallback choosing random token happened 0 times.
     Team 2:
        Depth 7 was reached 8 times.
        Depth 9 was reached 2 times.
        Depth 10 was reached 1 times.
        Fallback choosing random token happened 0 times.
     Team 1:
        Depth 7 was reached 5 times.
        Depth 9 was reached 6 times.
        Depth 10 was reached 0 times.
        Fallback choosing random token happened 0 times.
--------------------------------------------------
--------------------------------------------------

 
                  Evaluation. 
                 Player A| Q = 0.25498100499262694 * activeTokens + 0.34931802311191623 * successfulTokens + 0.3957009718954569 * tokenDistanceToBorder (EV: 43.8)
                 Player B| Q = 0.30655983762416833 * activeTokens + 0.3039911953135045 * successfulTokens + 0.38944896706232723 * tokenDistanceToBorder (EV: 5.0)
                 Player C| Q = 0.3306540969682804 * activeTokens + 0.4067959344638612 * successfulTokens + 0.26254996856785845 * tokenDistanceToBorder (EV: 3.0)

 
          Game over. 
         Player A/ Team 2: 1
         Player B/ Team 0: 5 <--WINNER ON SERVER within 7 turns
         Player C/ Team 1: 1

 
--------------------------------------------------
--------------------------------------------------
Depth report.
     Team 2:
        Depth 7 was reached 3 times.
        Depth 9 was reached 1 times.
        Depth 10 was reached 3 times.
        Fallback choosing random token happened 0 times.
     Team 0:
        Depth 7 was reached 6 times.
        Depth 9 was reached 1 times.
        Depth 10 was reached 1 times.
        Fallback choosing random token happened 0 times.
     Team 1:
        Depth 7 was reached 2 times.
        Depth 9 was reached 4 times.
        Depth 10 was reached 1 times.
        Fallback choosing random token happened 0 times.
--------------------------------------------------
