
 
----------------------------------------------------------------------
 Starting Generation (Number: 9).
 
Creating mutations. 
High Mutations: [0.0205, -0.0146, -0.0059][-0.02, 6.0E-4, 0.0194][0.0363, 0.0955, -0.1318]
Low_Mutations: [0.0, 0.0, 0.0][-0.04622, -0.0836, 0.12982][0.0615, -0.04332, -0.01818]
 
Recombination. 
Parent: Q = 0.2694562178035229 * activeTokens + 0.39332470320117874 * successfulTokens + 0.33721907899529835 * tokenDistanceToBorder (EV: 9.55)
Child: Q = 0.32206537491824394 * activeTokens + 0.3731004753906238 * successfulTokens + 0.3048341496911324 * tokenDistanceToBorder (EV: 0.0)
Child: Q = 0.34183902291515733 * activeTokens + 0.3590177797440416 * successfulTokens + 0.2991431973408012 * tokenDistanceToBorder (EV: 0.0)
Parent: Q = 0.3306540969682804 * activeTokens + 0.4067959344638612 * successfulTokens + 0.26254996856785845 * tokenDistanceToBorder (EV: 20.363333333333333)
Child: Q = 0.27748303294666654 * activeTokens + 0.292462574291016 * successfulTokens + 0.4300543927623175 * tokenDistanceToBorder (EV: 0.0)
Child: Q = 0.30277401101881624 * activeTokens + 0.3736792163076066 * successfulTokens + 0.32354677267357723 * tokenDistanceToBorder (EV: 0.0)
Parent: Q = 0.3370048202778307 * activeTokens + 0.3329928317604508 * successfulTokens + 0.33000234796171846 * tokenDistanceToBorder (EV: 21.923333333333336)
Child: Q = 0.38138631890898406 * activeTokens + 0.3313153811844634 * successfulTokens + 0.28729829990655265 * tokenDistanceToBorder (EV: 0.0)
Child: Q = 0.3570792003957051 * activeTokens + 0.46521673801039093 * successfulTokens + 0.17770406159390387 * tokenDistanceToBorder (EV: 0.0)

 
          Game over. 
         Player A/ Team 0: 4
         Player B/ Team 1: 6 <--WINNER ON SERVER within 10 turns
         Player C/ Team 2: 0

 
--------------------------------------------------
--------------------------------------------------
Depth report.
     Team 0:
        Depth 7 was reached 8 times.
        Depth 9 was reached 2 times.
        Depth 10 was reached 0 times.
        Fallback choosing random token happened 0 times.
     Team 1:
        Depth 7 was reached 7 times.
        Depth 9 was reached 2 times.
        Depth 10 was reached 1 times.
        Fallback choosing random token happened 0 times.
     Team 2:
        Depth 7 was reached 8 times.
        Depth 9 was reached 1 times.
        Depth 10 was reached 0 times.
        Fallback choosing random token happened 0 times.
--------------------------------------------------
--------------------------------------------------

 
                  Evaluation. 
                 Player A| Q = 0.2694562178035229 * activeTokens + 0.39332470320117874 * successfulTokens + 0.33721907899529835 * tokenDistanceToBorder (EV: 8.0)
                 Player B| Q = 0.32206537491824394 * activeTokens + 0.3731004753906238 * successfulTokens + 0.3048341496911324 * tokenDistanceToBorder (EV: 41.33333333333333)
                 Player C| Q = 0.34183902291515733 * activeTokens + 0.3590177797440416 * successfulTokens + 0.2991431973408012 * tokenDistanceToBorder (EV: 0.0)

 
          Game over. 
         Player A/ Team 2: 1
         Player B/ Team 1: 4
         Player C/ Team 0: 5 <--WINNER ON SERVER within 11 turns

 
--------------------------------------------------
--------------------------------------------------
Depth report.
     Team 2:
        Depth 7 was reached 5 times.
        Depth 9 was reached 1 times.
        Depth 10 was reached 5 times.
        Fallback choosing random token happened 0 times.
     Team 1:
        Depth 7 was reached 4 times.
        Depth 9 was reached 5 times.
        Depth 10 was reached 2 times.
        Fallback choosing random token happened 0 times.
     Team 0:
        Depth 7 was reached 5 times.
        Depth 9 was reached 5 times.
        Depth 10 was reached 2 times.
        Fallback choosing random token happened 0 times.
--------------------------------------------------
--------------------------------------------------

 
                  Evaluation. 
                 Player A| Q = 0.2694562178035229 * activeTokens + 0.39332470320117874 * successfulTokens + 0.33721907899529835 * tokenDistanceToBorder (EV: 1.0)
                 Player B| Q = 0.32206537491824394 * activeTokens + 0.3731004753906238 * successfulTokens + 0.3048341496911324 * tokenDistanceToBorder (EV: 7.0)
                 Player C| Q = 0.34183902291515733 * activeTokens + 0.3590177797440416 * successfulTokens + 0.2991431973408012 * tokenDistanceToBorder (EV: 40.06666666666666)

 
          Game over. 
         Player A/ Team 0: 6 <--WINNER ON SERVER within 14 turns
         Player B/ Team 1: 4
         Player C/ Team 2: 2

 
--------------------------------------------------
--------------------------------------------------
Depth report.
     Team 0:
        Depth 7 was reached 9 times.
        Depth 9 was reached 5 times.
        Depth 10 was reached 0 times.
        Fallback choosing random token happened 0 times.
     Team 1:
        Depth 7 was reached 6 times.
        Depth 9 was reached 5 times.
        Depth 10 was reached 2 times.
        Fallback choosing random token happened 0 times.
     Team 2:
        Depth 7 was reached 3 times.
        Depth 9 was reached 7 times.
        Depth 10 was reached 3 times.
        Fallback choosing random token happened 0 times.
--------------------------------------------------
--------------------------------------------------

 
                  Evaluation. 
                 Player A| Q = 0.2694562178035229 * activeTokens + 0.39332470320117874 * successfulTokens + 0.33721907899529835 * tokenDistanceToBorder (EV: 38.266666666666666)
                 Player B| Q = 0.32206537491824394 * activeTokens + 0.3731004753906238 * successfulTokens + 0.3048341496911324 * tokenDistanceToBorder (EV: 6.0)
                 Player C| Q = 0.34183902291515733 * activeTokens + 0.3590177797440416 * successfulTokens + 0.2991431973408012 * tokenDistanceToBorder (EV: 2.0)

 
          Game over. 
         Player A/ Team 1: 0
         Player B/ Team 0: 5 <--WINNER ON SERVER within 8 turns
         Player C/ Team 2: 0

 
--------------------------------------------------
--------------------------------------------------
Depth report.
     Team 1:
        Depth 7 was reached 3 times.
        Depth 9 was reached 4 times.
        Depth 10 was reached 1 times.
        Fallback choosing random token happened 0 times.
     Team 0:
        Depth 7 was reached 8 times.
        Depth 9 was reached 1 times.
        Depth 10 was reached 0 times.
        Fallback choosing random token happened 0 times.
     Team 2:
        Depth 7 was reached 6 times.
        Depth 9 was reached 2 times.
        Depth 10 was reached 0 times.
        Fallback choosing random token happened 0 times.
--------------------------------------------------
--------------------------------------------------

 
                  Evaluation. 
                 Player A| Q = 0.2694562178035229 * activeTokens + 0.39332470320117874 * successfulTokens + 0.33721907899529835 * tokenDistanceToBorder (EV: 4.0)
                 Player B| Q = 0.32206537491824394 * activeTokens + 0.3731004753906238 * successfulTokens + 0.3048341496911324 * tokenDistanceToBorder (EV: 45.86666666666667)
                 Player C| Q = 0.34183902291515733 * activeTokens + 0.3590177797440416 * successfulTokens + 0.2991431973408012 * tokenDistanceToBorder (EV: 4.0)

 
          Game over. 
         Player A/ Team 1: 0
         Player B/ Team 0: 5 <--WINNER ON SERVER within 8 turns
         Player C/ Team 2: 0

 
--------------------------------------------------
--------------------------------------------------
Depth report.
     Team 1:
        Depth 7 was reached 3 times.
        Depth 9 was reached 4 times.
        Depth 10 was reached 1 times.
        Fallback choosing random token happened 0 times.
     Team 0:
        Depth 7 was reached 7 times.
        Depth 9 was reached 2 times.
        Depth 10 was reached 0 times.
        Fallback choosing random token happened 0 times.
     Team 2:
        Depth 7 was reached 6 times.
        Depth 9 was reached 2 times.
        Depth 10 was reached 0 times.
        Fallback choosing random token happened 0 times.
--------------------------------------------------
--------------------------------------------------

 
                  Evaluation. 
                 Player A| Q = 0.2694562178035229 * activeTokens + 0.39332470320117874 * successfulTokens + 0.33721907899529835 * tokenDistanceToBorder (EV: 4.0)
                 Player B| Q = 0.32206537491824394 * activeTokens + 0.3731004753906238 * successfulTokens + 0.3048341496911324 * tokenDistanceToBorder (EV: 45.86666666666667)
                 Player C| Q = 0.34183902291515733 * activeTokens + 0.3590177797440416 * successfulTokens + 0.2991431973408012 * tokenDistanceToBorder (EV: 4.0)

 
          Game over. 
         Player A/ Team 0: 3
         Player B/ Team 1: 6 <--WINNER ON SERVER within 12 turns
         Player C/ Team 2: 1

 
--------------------------------------------------
--------------------------------------------------
Depth report.
     Team 0:
        Depth 7 was reached 7 times.
        Depth 9 was reached 4 times.
        Depth 10 was reached 1 times.
        Fallback choosing random token happened 0 times.
     Team 1:
        Depth 7 was reached 4 times.
        Depth 9 was reached 6 times.
        Depth 10 was reached 2 times.
        Fallback choosing random token happened 0 times.
     Team 2:
        Depth 7 was reached 2 times.
        Depth 9 was reached 7 times.
        Depth 10 was reached 2 times.
        Fallback choosing random token happened 0 times.
--------------------------------------------------
--------------------------------------------------

 
                  Evaluation. 
                 Player A| Q = 0.2694562178035229 * activeTokens + 0.39332470320117874 * successfulTokens + 0.33721907899529835 * tokenDistanceToBorder (EV: 6.0)
                 Player B| Q = 0.32206537491824394 * activeTokens + 0.3731004753906238 * successfulTokens + 0.3048341496911324 * tokenDistanceToBorder (EV: 40.8)
                 Player C| Q = 0.34183902291515733 * activeTokens + 0.3590177797440416 * successfulTokens + 0.2991431973408012 * tokenDistanceToBorder (EV: 2.0)

 
          Game over. 
         Player A/ Team 0: 3
         Player B/ Team 1: 6 <--WINNER ON SERVER within 12 turns
         Player C/ Team 2: 1

 
--------------------------------------------------
--------------------------------------------------
Depth report.
     Team 0:
        Depth 7 was reached 7 times.
        Depth 9 was reached 4 times.
        Depth 10 was reached 1 times.
        Fallback choosing random token happened 0 times.
     Team 1:
        Depth 7 was reached 3 times.
        Depth 9 was reached 7 times.
        Depth 10 was reached 2 times.
        Fallback choosing random token happened 0 times.
     Team 2:
        Depth 7 was reached 2 times.
        Depth 9 was reached 7 times.
        Depth 10 was reached 2 times.
        Fallback choosing random token happened 0 times.
--------------------------------------------------
--------------------------------------------------

 
                  Evaluation. 
                 Player A| Q = 0.2694562178035229 * activeTokens + 0.39332470320117874 * successfulTokens + 0.33721907899529835 * tokenDistanceToBorder (EV: 6.0)
                 Player B| Q = 0.32206537491824394 * activeTokens + 0.3731004753906238 * successfulTokens + 0.3048341496911324 * tokenDistanceToBorder (EV: 40.8)
                 Player C| Q = 0.34183902291515733 * activeTokens + 0.3590177797440416 * successfulTokens + 0.2991431973408012 * tokenDistanceToBorder (EV: 2.0)

 
          Game over. 
         Player A/ Team 1: 0
         Player B/ Team 0: 5 <--WINNER ON SERVER within 8 turns
         Player C/ Team 2: 0

 
--------------------------------------------------
--------------------------------------------------
Depth report.
     Team 1:
        Depth 7 was reached 3 times.
        Depth 9 was reached 4 times.
        Depth 10 was reached 1 times.
        Fallback choosing random token happened 0 times.
     Team 0:
        Depth 7 was reached 6 times.
        Depth 9 was reached 3 times.
        Depth 10 was reached 0 times.
        Fallback choosing random token happened 0 times.
     Team 2:
        Depth 7 was reached 6 times.
        Depth 9 was reached 2 times.
        Depth 10 was reached 0 times.
        Fallback choosing random token happened 0 times.
--------------------------------------------------
--------------------------------------------------

 
                  Evaluation. 
                 Player A| Q = 0.2694562178035229 * activeTokens + 0.39332470320117874 * successfulTokens + 0.33721907899529835 * tokenDistanceToBorder (EV: 4.0)
                 Player B| Q = 0.32206537491824394 * activeTokens + 0.3731004753906238 * successfulTokens + 0.3048341496911324 * tokenDistanceToBorder (EV: 45.86666666666667)
                 Player C| Q = 0.34183902291515733 * activeTokens + 0.3590177797440416 * successfulTokens + 0.2991431973408012 * tokenDistanceToBorder (EV: 4.0)

 
          Game over. 
         Player A/ Team 0: 3
         Player B/ Team 1: 6 <--WINNER ON SERVER within 12 turns
         Player C/ Team 2: 1

 
--------------------------------------------------
--------------------------------------------------
Depth report.
     Team 0:
        Depth 7 was reached 7 times.
        Depth 9 was reached 4 times.
        Depth 10 was reached 1 times.
        Fallback choosing random token happened 0 times.
     Team 1:
        Depth 7 was reached 4 times.
        Depth 9 was reached 6 times.
        Depth 10 was reached 2 times.
        Fallback choosing random token happened 0 times.
     Team 2:
        Depth 7 was reached 2 times.
        Depth 9 was reached 7 times.
        Depth 10 was reached 2 times.
        Fallback choosing random token happened 0 times.
--------------------------------------------------
--------------------------------------------------

 
                  Evaluation. 
                 Player A| Q = 0.2694562178035229 * activeTokens + 0.39332470320117874 * successfulTokens + 0.33721907899529835 * tokenDistanceToBorder (EV: 6.0)
                 Player B| Q = 0.32206537491824394 * activeTokens + 0.3731004753906238 * successfulTokens + 0.3048341496911324 * tokenDistanceToBorder (EV: 40.8)
                 Player C| Q = 0.34183902291515733 * activeTokens + 0.3590177797440416 * successfulTokens + 0.2991431973408012 * tokenDistanceToBorder (EV: 2.0)

 
          Game over. 
         Player A/ Team 1: 1
         Player B/ Team 2: 0
         Player C/ Team 0: 6 <--WINNER ON SERVER within 10 turns

 
--------------------------------------------------
--------------------------------------------------
Depth report.
     Team 1:
        Depth 7 was reached 7 times.
        Depth 9 was reached 3 times.
        Depth 10 was reached 0 times.
        Fallback choosing random token happened 0 times.
     Team 2:
        Depth 7 was reached 8 times.
        Depth 9 was reached 2 times.
        Depth 10 was reached 0 times.
        Fallback choosing random token happened 0 times.
     Team 0:
        Depth 7 was reached 9 times.
        Depth 9 was reached 2 times.
        Depth 10 was reached 0 times.
        Fallback choosing random token happened 0 times.
--------------------------------------------------
--------------------------------------------------

 
                  Evaluation. 
                 Player A| Q = 0.2694562178035229 * activeTokens + 0.39332470320117874 * successfulTokens + 0.33721907899529835 * tokenDistanceToBorder (EV: 5.0)
                 Player B| Q = 0.32206537491824394 * activeTokens + 0.3731004753906238 * successfulTokens + 0.3048341496911324 * tokenDistanceToBorder (EV: 3.0)
                 Player C| Q = 0.34183902291515733 * activeTokens + 0.3590177797440416 * successfulTokens + 0.2991431973408012 * tokenDistanceToBorder (EV: 44.33333333333333)

 
          Game over. 
         Player A/ Team 1: 5 <--WINNER ON SERVER within 10 turns
         Player B/ Team 0: 4
         Player C/ Team 2: 0

 
--------------------------------------------------
--------------------------------------------------
Depth report.
     Team 1:
        Depth 7 was reached 6 times.
        Depth 9 was reached 3 times.
        Depth 10 was reached 1 times.
        Fallback choosing random token happened 0 times.
     Team 0:
        Depth 7 was reached 9 times.
        Depth 9 was reached 1 times.
        Depth 10 was reached 0 times.
        Fallback choosing random token happened 0 times.
     Team 2:
        Depth 7 was reached 6 times.
        Depth 9 was reached 2 times.
        Depth 10 was reached 1 times.
        Fallback choosing random token happened 0 times.
--------------------------------------------------
--------------------------------------------------

 
                  Evaluation. 
                 Player A| Q = 0.2694562178035229 * activeTokens + 0.39332470320117874 * successfulTokens + 0.33721907899529835 * tokenDistanceToBorder (EV: 41.33333333333333)
                 Player B| Q = 0.32206537491824394 * activeTokens + 0.3731004753906238 * successfulTokens + 0.3048341496911324 * tokenDistanceToBorder (EV: 8.0)
                 Player C| Q = 0.34183902291515733 * activeTokens + 0.3590177797440416 * successfulTokens + 0.2991431973408012 * tokenDistanceToBorder (EV: 0.0)

 
          Game over. 
         Player A/ Team 1: 4
         Player B/ Team 0: 5 <--WINNER ON SERVER within 10 turns
         Player C/ Team 2: 0

 
--------------------------------------------------
--------------------------------------------------
Depth report.
     Team 1:
        Depth 7 was reached 3 times.
        Depth 9 was reached 4 times.
        Depth 10 was reached 3 times.
        Fallback choosing random token happened 0 times.
     Team 0:
        Depth 7 was reached 8 times.
        Depth 9 was reached 3 times.
        Depth 10 was reached 0 times.
        Fallback choosing random token happened 0 times.
     Team 2:
        Depth 7 was reached 2 times.
        Depth 9 was reached 4 times.
        Depth 10 was reached 4 times.
        Fallback choosing random token happened 0 times.
--------------------------------------------------
--------------------------------------------------

 
                  Evaluation. 
                 Player A| Q = 0.2694562178035229 * activeTokens + 0.39332470320117874 * successfulTokens + 0.33721907899529835 * tokenDistanceToBorder (EV: 8.0)
                 Player B| Q = 0.32206537491824394 * activeTokens + 0.3731004753906238 * successfulTokens + 0.3048341496911324 * tokenDistanceToBorder (EV: 41.33333333333333)
                 Player C| Q = 0.34183902291515733 * activeTokens + 0.3590177797440416 * successfulTokens + 0.2991431973408012 * tokenDistanceToBorder (EV: 0.0)

 
          Game over. 
         Player A/ Team 1: 0
         Player B/ Team 0: 5 <--WINNER ON SERVER within 8 turns
         Player C/ Team 2: 0

 
--------------------------------------------------
--------------------------------------------------
Depth report.
     Team 1:
        Depth 7 was reached 3 times.
        Depth 9 was reached 4 times.
        Depth 10 was reached 1 times.
        Fallback choosing random token happened 0 times.
     Team 0:
        Depth 7 was reached 6 times.
        Depth 9 was reached 3 times.
        Depth 10 was reached 0 times.
        Fallback choosing random token happened 0 times.
     Team 2:
        Depth 7 was reached 6 times.
        Depth 9 was reached 2 times.
        Depth 10 was reached 0 times.
        Fallback choosing random token happened 0 times.
--------------------------------------------------
--------------------------------------------------

 
                  Evaluation. 
                 Player A| Q = 0.2694562178035229 * activeTokens + 0.39332470320117874 * successfulTokens + 0.33721907899529835 * tokenDistanceToBorder (EV: 4.0)
                 Player B| Q = 0.32206537491824394 * activeTokens + 0.3731004753906238 * successfulTokens + 0.3048341496911324 * tokenDistanceToBorder (EV: 45.86666666666667)
                 Player C| Q = 0.34183902291515733 * activeTokens + 0.3590177797440416 * successfulTokens + 0.2991431973408012 * tokenDistanceToBorder (EV: 4.0)

 
          Game over. 
         Player A/ Team 2: 1
         Player B/ Team 0: 5 <--WINNER ON SERVER within 11 turns
         Player C/ Team 1: 4

 
--------------------------------------------------
--------------------------------------------------
Depth report.
     Team 2:
        Depth 7 was reached 6 times.
        Depth 9 was reached 0 times.
        Depth 10 was reached 5 times.
        Fallback choosing random token happened 0 times.
     Team 0:
        Depth 7 was reached 4 times.
        Depth 9 was reached 6 times.
        Depth 10 was reached 2 times.
        Fallback choosing random token happened 0 times.
     Team 1:
        Depth 7 was reached 3 times.
        Depth 9 was reached 5 times.
        Depth 10 was reached 3 times.
        Fallback choosing random token happened 0 times.
--------------------------------------------------
--------------------------------------------------

 
                  Evaluation. 
                 Player A| Q = 0.2694562178035229 * activeTokens + 0.39332470320117874 * successfulTokens + 0.33721907899529835 * tokenDistanceToBorder (EV: 1.0)
                 Player B| Q = 0.32206537491824394 * activeTokens + 0.3731004753906238 * successfulTokens + 0.3048341496911324 * tokenDistanceToBorder (EV: 40.06666666666666)
                 Player C| Q = 0.34183902291515733 * activeTokens + 0.3590177797440416 * successfulTokens + 0.2991431973408012 * tokenDistanceToBorder (EV: 7.0)

 
          Game over. 
         Player A/ Team 1: 4
         Player B/ Team 0: 5 <--WINNER ON SERVER within 10 turns
         Player C/ Team 2: 0

 
--------------------------------------------------
--------------------------------------------------
Depth report.
     Team 1:
        Depth 7 was reached 3 times.
        Depth 9 was reached 4 times.
        Depth 10 was reached 3 times.
        Fallback choosing random token happened 0 times.
     Team 0:
        Depth 7 was reached 9 times.
        Depth 9 was reached 2 times.
        Depth 10 was reached 0 times.
        Fallback choosing random token happened 0 times.
     Team 2:
        Depth 7 was reached 2 times.
        Depth 9 was reached 4 times.
        Depth 10 was reached 4 times.
        Fallback choosing random token happened 0 times.
--------------------------------------------------
--------------------------------------------------

 
                  Evaluation. 
                 Player A| Q = 0.2694562178035229 * activeTokens + 0.39332470320117874 * successfulTokens + 0.33721907899529835 * tokenDistanceToBorder (EV: 8.0)
                 Player B| Q = 0.32206537491824394 * activeTokens + 0.3731004753906238 * successfulTokens + 0.3048341496911324 * tokenDistanceToBorder (EV: 41.33333333333333)
                 Player C| Q = 0.34183902291515733 * activeTokens + 0.3590177797440416 * successfulTokens + 0.2991431973408012 * tokenDistanceToBorder (EV: 0.0)

 
          Game over. 
         Player A/ Team 2: 3
         Player B/ Team 1: 2
         Player C/ Team 0: 5 <--WINNER ON SERVER within 11 turns

 
--------------------------------------------------
--------------------------------------------------
Depth report.
     Team 2:
        Depth 7 was reached 3 times.
        Depth 9 was reached 3 times.
        Depth 10 was reached 5 times.
        Fallback choosing random token happened 0 times.
     Team 1:
        Depth 7 was reached 3 times.
        Depth 9 was reached 4 times.
        Depth 10 was reached 4 times.
        Fallback choosing random token happened 0 times.
     Team 0:
        Depth 7 was reached 7 times.
        Depth 9 was reached 2 times.
        Depth 10 was reached 3 times.
        Fallback choosing random token happened 0 times.
--------------------------------------------------
--------------------------------------------------

 
                  Evaluation. 
                 Player A| Q = 0.2694562178035229 * activeTokens + 0.39332470320117874 * successfulTokens + 0.33721907899529835 * tokenDistanceToBorder (EV: 5.0)
                 Player B| Q = 0.32206537491824394 * activeTokens + 0.3731004753906238 * successfulTokens + 0.3048341496911324 * tokenDistanceToBorder (EV: 3.0)
                 Player C| Q = 0.34183902291515733 * activeTokens + 0.3590177797440416 * successfulTokens + 0.2991431973408012 * tokenDistanceToBorder (EV: 40.06666666666666)

 
          Game over. 
         Player A/ Team 2: 1
         Player B/ Team 0: 5 <--WINNER ON SERVER within 11 turns
         Player C/ Team 1: 4

 
--------------------------------------------------
--------------------------------------------------
Depth report.
     Team 2:
        Depth 7 was reached 5 times.
        Depth 9 was reached 1 times.
        Depth 10 was reached 5 times.
        Fallback choosing random token happened 0 times.
     Team 0:
        Depth 7 was reached 5 times.
        Depth 9 was reached 5 times.
        Depth 10 was reached 2 times.
        Fallback choosing random token happened 0 times.
     Team 1:
        Depth 7 was reached 3 times.
        Depth 9 was reached 6 times.
        Depth 10 was reached 2 times.
        Fallback choosing random token happened 0 times.
--------------------------------------------------
--------------------------------------------------

 
                  Evaluation. 
                 Player A| Q = 0.2694562178035229 * activeTokens + 0.39332470320117874 * successfulTokens + 0.33721907899529835 * tokenDistanceToBorder (EV: 1.0)
                 Player B| Q = 0.32206537491824394 * activeTokens + 0.3731004753906238 * successfulTokens + 0.3048341496911324 * tokenDistanceToBorder (EV: 40.06666666666666)
                 Player C| Q = 0.34183902291515733 * activeTokens + 0.3590177797440416 * successfulTokens + 0.2991431973408012 * tokenDistanceToBorder (EV: 7.0)

 
          Game over. 
         Player A/ Team 0: 5 <--WINNER ON SERVER within 10 turns
         Player B/ Team 2: 1
         Player C/ Team 1: 1

 
--------------------------------------------------
--------------------------------------------------
Depth report.
     Team 0:
        Depth 7 was reached 6 times.
        Depth 9 was reached 3 times.
        Depth 10 was reached 1 times.
        Fallback choosing random token happened 0 times.
     Team 2:
        Depth 7 was reached 5 times.
        Depth 9 was reached 3 times.
        Depth 10 was reached 1 times.
        Fallback choosing random token happened 0 times.
     Team 1:
        Depth 7 was reached 5 times.
        Depth 9 was reached 3 times.
        Depth 10 was reached 1 times.
        Fallback choosing random token happened 0 times.
--------------------------------------------------
--------------------------------------------------

 
                  Evaluation. 
                 Player A| Q = 0.2694562178035229 * activeTokens + 0.39332470320117874 * successfulTokens + 0.33721907899529835 * tokenDistanceToBorder (EV: 43.33333333333333)
                 Player B| Q = 0.32206537491824394 * activeTokens + 0.3731004753906238 * successfulTokens + 0.3048341496911324 * tokenDistanceToBorder (EV: 4.0)
                 Player C| Q = 0.34183902291515733 * activeTokens + 0.3590177797440416 * successfulTokens + 0.2991431973408012 * tokenDistanceToBorder (EV: 4.0)

 
          Game over. 
         Player A/ Team 1: 0
         Player B/ Team 0: 5 <--WINNER ON SERVER within 8 turns
         Player C/ Team 2: 0

 
--------------------------------------------------
--------------------------------------------------
Depth report.
     Team 1:
        Depth 7 was reached 3 times.
        Depth 9 was reached 4 times.
        Depth 10 was reached 1 times.
        Fallback choosing random token happened 0 times.
     Team 0:
        Depth 7 was reached 7 times.
        Depth 9 was reached 2 times.
        Depth 10 was reached 0 times.
        Fallback choosing random token happened 0 times.
     Team 2:
        Depth 7 was reached 6 times.
        Depth 9 was reached 2 times.
        Depth 10 was reached 0 times.
        Fallback choosing random token happened 0 times.
--------------------------------------------------
--------------------------------------------------

 
                  Evaluation. 
                 Player A| Q = 0.2694562178035229 * activeTokens + 0.39332470320117874 * successfulTokens + 0.33721907899529835 * tokenDistanceToBorder (EV: 4.0)
                 Player B| Q = 0.32206537491824394 * activeTokens + 0.3731004753906238 * successfulTokens + 0.3048341496911324 * tokenDistanceToBorder (EV: 45.86666666666667)
                 Player C| Q = 0.34183902291515733 * activeTokens + 0.3590177797440416 * successfulTokens + 0.2991431973408012 * tokenDistanceToBorder (EV: 4.0)

 
          Game over. 
         Player A/ Team 1: 0
         Player B/ Team 0: 5 <--WINNER ON SERVER within 8 turns
         Player C/ Team 2: 0

 
--------------------------------------------------
--------------------------------------------------
Depth report.
     Team 1:
        Depth 7 was reached 3 times.
        Depth 9 was reached 4 times.
        Depth 10 was reached 1 times.
        Fallback choosing random token happened 0 times.
     Team 0:
        Depth 7 was reached 6 times.
        Depth 9 was reached 3 times.
        Depth 10 was reached 0 times.
        Fallback choosing random token happened 0 times.
     Team 2:
        Depth 7 was reached 6 times.
        Depth 9 was reached 2 times.
        Depth 10 was reached 0 times.
        Fallback choosing random token happened 0 times.
--------------------------------------------------
--------------------------------------------------

 
                  Evaluation. 
                 Player A| Q = 0.2694562178035229 * activeTokens + 0.39332470320117874 * successfulTokens + 0.33721907899529835 * tokenDistanceToBorder (EV: 4.0)
                 Player B| Q = 0.32206537491824394 * activeTokens + 0.3731004753906238 * successfulTokens + 0.3048341496911324 * tokenDistanceToBorder (EV: 45.86666666666667)
                 Player C| Q = 0.34183902291515733 * activeTokens + 0.3590177797440416 * successfulTokens + 0.2991431973408012 * tokenDistanceToBorder (EV: 4.0)

 
Calculating medium parameter evaluation from 20 games played. 
[8.0, 1.0, 38.266666666666666, 4.0, 4.0, 6.0, 6.0, 4.0, 6.0, 5.0, 41.33333333333333, 8.0, 4.0, 1.0, 8.0, 5.0, 1.0, 43.33333333333333, 4.0, 4.0] ----> Writing medium:Q = 0.2694562178035229 * activeTokens + 0.39332470320117874 * successfulTokens + 0.33721907899529835 * tokenDistanceToBorder (EV: 10.096666666666668)
[41.33333333333333, 7.0, 6.0, 45.86666666666667, 45.86666666666667, 40.8, 40.8, 45.86666666666667, 40.8, 3.0, 8.0, 41.33333333333333, 45.86666666666667, 40.06666666666666, 41.33333333333333, 3.0, 40.06666666666666, 4.0, 45.86666666666667, 45.86666666666667] ----> Writing medium:Q = 0.32206537491824394 * activeTokens + 0.3731004753906238 * successfulTokens + 0.3048341496911324 * tokenDistanceToBorder (EV: 31.636666666666667)
[0.0, 40.06666666666666, 2.0, 4.0, 4.0, 2.0, 2.0, 4.0, 2.0, 44.33333333333333, 0.0, 0.0, 4.0, 7.0, 0.0, 40.06666666666666, 7.0, 4.0, 4.0, 4.0] ----> Writing medium:Q = 0.34183902291515733 * activeTokens + 0.3590177797440416 * successfulTokens + 0.2991431973408012 * tokenDistanceToBorder (EV: 8.723333333333333)

 
          Game over. 
         Player A/ Team 1: 0
         Player B/ Team 2: 0
         Player C/ Team 0: 5 <--WINNER ON SERVER within 6 turns

 
--------------------------------------------------
--------------------------------------------------
Depth report.
     Team 1:
        Depth 7 was reached 1 times.
        Depth 9 was reached 3 times.
        Depth 10 was reached 2 times.
        Fallback choosing random token happened 0 times.
     Team 2:
        Depth 7 was reached 2 times.
        Depth 9 was reached 2 times.
        Depth 10 was reached 2 times.
        Fallback choosing random token happened 0 times.
     Team 0:
        Depth 7 was reached 6 times.
        Depth 9 was reached 1 times.
        Depth 10 was reached 0 times.
        Fallback choosing random token happened 0 times.
--------------------------------------------------
--------------------------------------------------

 
                  Evaluation. 
                 Player A| Q = 0.3306540969682804 * activeTokens + 0.4067959344638612 * successfulTokens + 0.26254996856785845 * tokenDistanceToBorder (EV: 4.0)
                 Player B| Q = 0.27748303294666654 * activeTokens + 0.292462574291016 * successfulTokens + 0.4300543927623175 * tokenDistanceToBorder (EV: 4.0)
                 Player C| Q = 0.30277401101881624 * activeTokens + 0.3736792163076066 * successfulTokens + 0.32354677267357723 * tokenDistanceToBorder (EV: 46.4)

 
          Game over. 
         Player A/ Team 0: 3
         Player B/ Team 1: 5 <--WINNER ON SERVER within 10 turns
         Player C/ Team 2: 0

 
--------------------------------------------------
--------------------------------------------------
Depth report.
     Team 0:
        Depth 7 was reached 7 times.
        Depth 9 was reached 2 times.
        Depth 10 was reached 1 times.
        Fallback choosing random token happened 0 times.
     Team 1:
        Depth 7 was reached 7 times.
        Depth 9 was reached 2 times.
        Depth 10 was reached 1 times.
        Fallback choosing random token happened 0 times.
     Team 2:
        Depth 7 was reached 4 times.
        Depth 9 was reached 3 times.
        Depth 10 was reached 2 times.
        Fallback choosing random token happened 0 times.
--------------------------------------------------
--------------------------------------------------

 
                  Evaluation. 
                 Player A| Q = 0.3306540969682804 * activeTokens + 0.4067959344638612 * successfulTokens + 0.26254996856785845 * tokenDistanceToBorder (EV: 7.0)
                 Player B| Q = 0.27748303294666654 * activeTokens + 0.292462574291016 * successfulTokens + 0.4300543927623175 * tokenDistanceToBorder (EV: 42.33333333333333)
                 Player C| Q = 0.30277401101881624 * activeTokens + 0.3736792163076066 * successfulTokens + 0.32354677267357723 * tokenDistanceToBorder (EV: 1.0)

 
          Game over. 
         Player A/ Team 1: 1
         Player B/ Team 0: 6 <--WINNER ON SERVER within 7 turns
         Player C/ Team 2: 0

 
--------------------------------------------------
--------------------------------------------------
Depth report.
     Team 1:
        Depth 7 was reached 2 times.
        Depth 9 was reached 4 times.
        Depth 10 was reached 1 times.
        Fallback choosing random token happened 0 times.
     Team 0:
        Depth 7 was reached 6 times.
        Depth 9 was reached 1 times.
        Depth 10 was reached 1 times.
        Fallback choosing random token happened 0 times.
     Team 2:
        Depth 7 was reached 3 times.
        Depth 9 was reached 3 times.
        Depth 10 was reached 1 times.
        Fallback choosing random token happened 0 times.
--------------------------------------------------
--------------------------------------------------

 
                  Evaluation. 
                 Player A| Q = 0.3306540969682804 * activeTokens + 0.4067959344638612 * successfulTokens + 0.26254996856785845 * tokenDistanceToBorder (EV: 5.0)
                 Player B| Q = 0.27748303294666654 * activeTokens + 0.292462574291016 * successfulTokens + 0.4300543927623175 * tokenDistanceToBorder (EV: 45.13333333333333)
                 Player C| Q = 0.30277401101881624 * activeTokens + 0.3736792163076066 * successfulTokens + 0.32354677267357723 * tokenDistanceToBorder (EV: 3.0)

 
          Game over. 
         Player A/ Team 0: 6 <--WINNER ON SERVER within 10 turns
         Player B/ Team 2: 0
         Player C/ Team 1: 1

 
--------------------------------------------------
--------------------------------------------------
Depth report.
     Team 0:
        Depth 7 was reached 7 times.
        Depth 9 was reached 2 times.
        Depth 10 was reached 0 times.
        Fallback choosing random token happened 1 times.
     Team 2:
        Depth 7 was reached 6 times.
        Depth 9 was reached 2 times.
        Depth 10 was reached 1 times.
        Fallback choosing random token happened 0 times.
     Team 1:
        Depth 7 was reached 3 times.
        Depth 9 was reached 5 times.
        Depth 10 was reached 1 times.
        Fallback choosing random token happened 0 times.
--------------------------------------------------
--------------------------------------------------

 
                  Evaluation. 
                 Player A| Q = 0.3306540969682804 * activeTokens + 0.4067959344638612 * successfulTokens + 0.26254996856785845 * tokenDistanceToBorder (EV: 44.33333333333333)
                 Player B| Q = 0.27748303294666654 * activeTokens + 0.292462574291016 * successfulTokens + 0.4300543927623175 * tokenDistanceToBorder (EV: 3.0)
                 Player C| Q = 0.30277401101881624 * activeTokens + 0.3736792163076066 * successfulTokens + 0.32354677267357723 * tokenDistanceToBorder (EV: 5.0)

 
          Game over. 
         Player A/ Team 1: 1
         Player B/ Team 2: 1
         Player C/ Team 0: 5 <--WINNER ON SERVER within 7 turns

 
--------------------------------------------------
--------------------------------------------------
Depth report.
     Team 1:
        Depth 7 was reached 2 times.
        Depth 9 was reached 4 times.
        Depth 10 was reached 1 times.
        Fallback choosing random token happened 0 times.
     Team 2:
        Depth 7 was reached 3 times.
        Depth 9 was reached 1 times.
        Depth 10 was reached 3 times.
        Fallback choosing random token happened 0 times.
     Team 0:
        Depth 7 was reached 6 times.
        Depth 9 was reached 1 times.
        Depth 10 was reached 1 times.
        Fallback choosing random token happened 0 times.
--------------------------------------------------
--------------------------------------------------

 
                  Evaluation. 
                 Player A| Q = 0.3306540969682804 * activeTokens + 0.4067959344638612 * successfulTokens + 0.26254996856785845 * tokenDistanceToBorder (EV: 4.0)
                 Player B| Q = 0.27748303294666654 * activeTokens + 0.292462574291016 * successfulTokens + 0.4300543927623175 * tokenDistanceToBorder (EV: 4.0)
                 Player C| Q = 0.30277401101881624 * activeTokens + 0.3736792163076066 * successfulTokens + 0.32354677267357723 * tokenDistanceToBorder (EV: 44.13333333333333)

 
!!!!!!!!!!!!!!!!!!!!!!!!!!!ERROR DETECTED!!!!!!!!!!!!!!!!!!!!!!!!!. 


You got kicked because your move was invalid!



 
INFO: Team 2 lost prematurely (probably because it had no more tokens to play). 


 
          Game over. 
         Player A/ Team 1: 1
         Player B/ Team 0: 5 <--WINNER ON SERVER within 10 turns
         Player C/ Team 2: 1

 
--------------------------------------------------
--------------------------------------------------
Depth report.
     Team 1:
        Depth 7 was reached 3 times.
        Depth 9 was reached 3 times.
        Depth 10 was reached 4 times.
        Fallback choosing random token happened 0 times.
     Team 0:
        Depth 7 was reached 6 times.
        Depth 9 was reached 3 times.
        Depth 10 was reached 2 times.
        Fallback choosing random token happened 0 times.
     Team 2:
        Depth 7 was reached 1 times.
        Depth 9 was reached 2 times.
        Depth 10 was reached 5 times.
        Fallback choosing random token happened 0 times.
--------------------------------------------------
--------------------------------------------------

 
